


CL002B                                              ARMY GROUP INSURANCE FUND                                   Page No. 1 
                                  MATURITY AMOUNT PAYABLE TO MEMBERS OF ARMY GROUP INSURANCE SCHEME
                                                             JCO/OR -- APSD
-------------------------------------------------------------------------------------------------------------------------
                                                   Date on Which Amount Calculated
            ----------------------------------------------------------------------------------------------------------
Date of        31/10/2018        30/11/2018        31/12/2018        31/01/2019        28/02/2019        31/03/2019
Joining     Contri-  Payable  Contri-  Payable  Contri-  Payable  Contri-  Payable  Contri-  Payable  Contri-  Payable
AGI Scheme  buted             buted             buted             buted             buted             buted
-------------------------------------------------------------------------------------------------------------------------
01/08/1979 327529   780729   330054   788087   332579   795498   335104   802960   337629   810475   340154   818043  

01/09/1979 327502   779495   330027   786846   332552   794248   335077   801701   337602   809207   340127   816766  

01/10/1979 327475   778283   330000   785625   332525   793018   335050   800463   337575   807961   340100   815511  

01/11/1979 327448   777071   329973   784405   332498   791789   335023   799226   337548   806714   340073   814256  

01/12/1979 327421   775859   329946   783184   332471   790560   334996   797988   337521   805468   340046   813000  

01/01/1980 327394   774689   329919   782006   332444   789374   334969   796793   337494   804265   340019   811789  

01/02/1980 327362   773349   329887   780656   332412   788014   334937   795424   337462   802886   339987   810400  

01/03/1980 327330   772008   329855   779305   332380   786654   334905   794055   337430   801507   339955   809012  

01/04/1980 327298   770667   329823   777955   332348   785295   334873   792686   337398   800128   339923   807623  

01/05/1980 327266   769368   329791   776647   332316   783978   334841   791359   337366   798793   339891   806278  

01/06/1980 327234   768069   329759   775339   332284   782660   334809   790033   337334   797457   339859   804933  

01/07/1980 327202   766771   329727   774031   332252   781343   334777   788707   337302   796121   339827   803588  

01/08/1980 327170   765472   329695   772724   332220   780026   334745   787380   337270   794786   339795   802243  

01/09/1980 327138   764215   329663   771458   332188   778752   334713   786097   337238   793493   339763   800942  

01/10/1980 327106   762937   329631   770171   332156   777456   334681   784792   337206   792179   339731   799618  

01/11/1980 327074   761680   329599   768905   332124   776181   334649   783508   337174   790887   339699   798317  

01/12/1980 327042   760444   329567   767661   332092   774928   334617   782246   337142   789616   339667   797037  

01/01/1981 327010   759230   329535   766438   332060   773696   334585   781006   337110   788367   339635   795779  

01/02/1981 326978   757994   329503   765193   332028   772443   334553   779744   337078   787096   339603   794499  

01/03/1981 326946   756779   329471   763970   331996   771211   334521   778503   337046   785847   339571   793241  

01/04/1981 326914   755585   329439   762768   331964   770001   334489   777284   337014   784619   339539   792005  

01/05/1981 326859   753581   329384   760749   331909   767968   334434   775237   336959   782557   339484   789929  

01/06/1981 326804   751618   329329   758773   331854   765977   334379   773233   336904   780539   339429   787897  

01/07/1981 326749   749676   329274   756817   331799   764008   334324   771250   336849   778542   339374   785886  




CL002B                                              ARMY GROUP INSURANCE FUND                                   Page No. 2 
                                  MATURITY AMOUNT PAYABLE TO MEMBERS OF ARMY GROUP INSURANCE SCHEME
                                                             JCO/OR -- APSD
-------------------------------------------------------------------------------------------------------------------------
                                                   Date on Which Amount Calculated
            ----------------------------------------------------------------------------------------------------------
Date of        31/10/2018        30/11/2018        31/12/2018        31/01/2019        28/02/2019        31/03/2019
Joining     Contri-  Payable  Contri-  Payable  Contri-  Payable  Contri-  Payable  Contri-  Payable  Contri-  Payable
AGI Scheme  buted             buted             buted             buted             buted             buted
-------------------------------------------------------------------------------------------------------------------------
01/08/1981 326694   747714   329219   754841   331744   762018   334269   769246   336794   776524   339319   783854  

01/09/1981 326639   745793   329164   752907   331689   760071   334214   767285   336739   774549   339264   781865  

01/10/1981 326584   743893   329109   750994   331634   758144   334159   765345   336684   772596   339209   779897  

01/11/1981 326529   741994   329054   749081   331579   756218   334104   763405   336629   770642   339154   777930  

01/12/1981 326474   740136   328999   747210   331524   754334   334049   761508   336574   768732   339099   776007  

01/01/1982 326419   738258   328944   745318   331469   752429   333994   759589   336519   766800   339044   774061  

01/02/1982 326364   736421   328889   743469   331414   750566   333939   757714   336464   764911   338989   772159  

01/03/1982 326309   734584   328834   741619   331359   748704   333884   755838   336409   763022   338934   770257  

01/04/1982 326254   732769   328779   739791   331304   746863   333829   753984   336354   761155   338879   768377  

01/05/1982 326199   730953   328724   737963   331249   745022   333774   752130   336299   759288   338824   766497  

01/06/1982 326144   729179   328669   736177   331194   743223   333719   750319   336244   757464   338769   764660  

01/07/1982 326089   727385   328614   734369   331139   741403   333664   748486   336189   755619   338714   762802  

01/08/1982 326034   725632   328559   732605   331084   739626   333609   746696   336134   753817   338659   760987  

01/09/1982 325979   723900   328504   730861   331029   737870   333554   744928   336079   752036   338604   759193  

01/10/1982 325924   722148   328449   729096   330974   736092   333499   743138   336024   750233   338549   757378  

01/11/1982 325869   720437   328394   727373   330919   734358   333444   741391   335969   748474   338494   755607  

01/12/1982 325814   718748   328339   725672   330864   732644   333389   739666   335914   746737   338439   753857  

01/01/1983 325759   717037   328284   723949   330809   730910   333334   737919   335859   744978   338384   752086  

01/02/1983 325699   715198   328224   722097   330749   729044   333274   736041   335799   743086   338324   750181  

01/03/1983 325639   713358   328164   720244   330689   727179   333214   734162   335739   741194   338264   748276  

01/04/1983 325579   711561   328104   718434   330629   725356   333154   732327   335679   739346   338204   746415  

01/05/1983 325519   709763   328044   716624   330569   723534   333094   730491   335619   737498   338144   744553  

01/06/1983 325459   707966   327984   714814   330509   721711   333034   728656   335559   735649   338084   742692  

01/07/1983 325399   706210   327924   713047   330449   719931   332974   726863   335499   733844   338024   740874  




CL002B                                              ARMY GROUP INSURANCE FUND                                   Page No. 3 
                                  MATURITY AMOUNT PAYABLE TO MEMBERS OF ARMY GROUP INSURANCE SCHEME
                                                             JCO/OR -- APSD
-------------------------------------------------------------------------------------------------------------------------
                                                   Date on Which Amount Calculated
            ----------------------------------------------------------------------------------------------------------
Date of        31/10/2018        30/11/2018        31/12/2018        31/01/2019        28/02/2019        31/03/2019
Joining     Contri-  Payable  Contri-  Payable  Contri-  Payable  Contri-  Payable  Contri-  Payable  Contri-  Payable
AGI Scheme  buted             buted             buted             buted             buted             buted
-------------------------------------------------------------------------------------------------------------------------
01/08/1983 325339   704434   327864   711258   330389   718129   332914   725049   335439   732017   337964   739035  

01/09/1983 325279   702700   327804   709511   330329   716370   332854   723278   335379   730234   337904   737238  

01/10/1983 325219   700986   327744   707786   330269   714633   332794   721528   335319   728472   337844   735464  

01/11/1983 325159   699252   327684   706039   330209   712874   332734   719757   335259   726688   337784   733668  

01/12/1983 325099   697559   327624   704335   330149   711158   332674   718029   335199   724948   337724   731915  

01/01/1984 325039   695888   327564   702652   330089   709463   332614   716322   335139   723229   337664   730184  

01/02/1984 324974   694046   327499   700797   330024   707595   332549   714441   335074   721334   337599   728277  

01/03/1984 324909   692245   327434   698984   329959   705769   332484   712602   335009   719483   337534   726412  

01/04/1984 324844   690445   327369   697171   329894   703944   332419   710764   334944   717632   337469   724548  

01/05/1984 324779   688666   327304   695379   329829   702139   332354   708947   334879   715802   337404   722706  

01/06/1984 324714   686908   327239   693609   329764   700356   332289   707151   334814   713994   337339   720885  

01/07/1984 324649   685150   327174   691838   329699   698573   332224   705356   334749   712186   337274   719064  

01/08/1984 324584   683412   327109   690089   329634   696812   332159   703582   334684   710400   337209   717265  

01/09/1984 324519   681696   327044   688360   329569   695071   332094   701829   334619   708635   337144   715488  

01/10/1984 324454   679959   326979   686611   329504   693310   332029   700055   334554   706848   337079   713689  

01/11/1984 324389   678264   326914   684904   329439   691591   331964   698324   334489   705105   337014   711933  

01/12/1984 324324   676590   326849   683218   329374   689893   331899   696615   334424   703383   336949   710200  

01/01/1985 324259   674915   326784   681532   329309   688195   331834   694905   334359   701662   336884   708466  

01/02/1985 324189   673133   326714   679738   329239   686388   331764   693085   334289   699829   336814   706621  

01/03/1985 324119   671351   326644   677943   329169   684581   331694   691265   334219   697997   336744   704775  

01/04/1985 324049   669569   326574   676149   329099   682774   331624   689446   334149   696164   336674   702930  

01/05/1985 323979   667829   326504   674396   329029   681009   331554   687669   334079   694375   336604   701128  

01/06/1985 323909   666068   326434   672623   328959   679224   331484   685870   334009   692564   336534   699304  

01/07/1985 323839   664370   326364   670913   328889   677502   331414   684136   333939   690818   336464   697546  




CL002B                                              ARMY GROUP INSURANCE FUND                                   Page No. 4 
                                  MATURITY AMOUNT PAYABLE TO MEMBERS OF ARMY GROUP INSURANCE SCHEME
                                                             JCO/OR -- APSD
-------------------------------------------------------------------------------------------------------------------------
                                                   Date on Which Amount Calculated
            ----------------------------------------------------------------------------------------------------------
Date of        31/10/2018        30/11/2018        31/12/2018        31/01/2019        28/02/2019        31/03/2019
Joining     Contri-  Payable  Contri-  Payable  Contri-  Payable  Contri-  Payable  Contri-  Payable  Contri-  Payable
AGI Scheme  buted             buted             buted             buted             buted             buted
-------------------------------------------------------------------------------------------------------------------------
01/08/1985 323769   662651   326294   669182   328819   675758   331344   682381   333869   689050   336394   695766  

01/09/1985 323699   660974   326224   667493   328749   674058   331274   680668   333799   687325   336324   694029  

01/10/1985 323629   659276   326154   665783   328679   672336   331204   678934   333729   685579   336254   692271  

01/11/1985 323559   657599   326084   664095   328609   670635   331134   677222   333659   683855   336184   690534  

01/12/1985 323489   655964   326014   662448   328539   668977   331064   675552   333589   682173   336114   688841  

01/01/1986 323419   654308   325944   660780   328469   667298   330994   673861   333519   680470   336044   687126  

01/02/1986 323344   652545   325869   659004   328394   665509   330919   672060   333444   678657   335969   685299  

01/03/1986 323269   650823   325794   657270   328319   663763   330844   670302   333369   676886   335894   683516  

01/04/1986 323194   649080   325719   655515   328244   661996   330769   668522   333294   675094   335819   681712  

01/05/1986 323119   647379   325644   653803   328169   660271   330694   666785   333219   673345   335744   679950  

01/06/1986 323044   645678   325569   652090   328094   658547   330619   665048   333144   671596   335669   678189  

01/07/1986 322969   643999   325494   650398   328019   656843   330544   663333   333069   669868   335594   676450  

01/08/1986 322894   642319   325419   648707   327944   655140   330469   661618   332994   668141   335519   674710  

01/09/1986 322819   640660   325344   647036   327869   653458   330394   659924   332919   666435   335444   672992  

01/10/1986 322744   639022   325269   645387   327794   651797   330319   658251   332844   664751   335369   671296  

01/11/1986 322669   637385   325194   643738   327719   650136   330244   656579   332769   663067   335294   669600  

01/12/1986 322594   635768   325119   642110   327644   648496   330169   654928   332694   661404   335219   667926  

01/01/1987 322519   634151   325044   640482   327569   646857   330094   653277   332619   659741   335144   666252  

01/02/1987 322439   632447   324964   638766   327489   645129   330014   651537   332539   657989   335064   664487  

01/03/1987 322359   630765   324884   637072   327409   643423   329934   649819   332459   656259   334984   662745  

01/04/1987 322279   629082   324804   635377   327329   641717   329854   648100   332379   654529   334904   661003  

01/05/1987 322199   627400   324724   633683   327249   640010   329774   646382   332299   652799   334824   659260  

01/06/1987 322119   625759   324644   632031   327169   638347   329694   644707   332219   651112   334744   657561  

01/07/1987 322039   624118   324564   630379   327089   636683   329614   643031   332139   649424   334664   655862  




CL002B                                              ARMY GROUP INSURANCE FUND                                   Page No. 5 
                                  MATURITY AMOUNT PAYABLE TO MEMBERS OF ARMY GROUP INSURANCE SCHEME
                                                             JCO/OR -- APSD
-------------------------------------------------------------------------------------------------------------------------
                                                   Date on Which Amount Calculated
            ----------------------------------------------------------------------------------------------------------
Date of        31/10/2018        30/11/2018        31/12/2018        31/01/2019        28/02/2019        31/03/2019
Joining     Contri-  Payable  Contri-  Payable  Contri-  Payable  Contri-  Payable  Contri-  Payable  Contri-  Payable
AGI Scheme  buted             buted             buted             buted             buted             buted
-------------------------------------------------------------------------------------------------------------------------
01/08/1987 321959   622499   324484   628748   327009   635041   329534   641378   332059   647759   334584   654185  

01/09/1987 321879   620879   324404   627117   326929   633398   329454   639724   331979   646093   334504   652508  

01/10/1987 321799   619260   324324   625486   326849   631756   329374   638070   331899   644428   334424   650831  

01/11/1987 321719   617682   324244   623897   326769   630156   329294   636459   331819   642806   334344   649197  

01/12/1987 321639   616105   324164   622309   326689   628556   329214   634848   331739   641183   334264   647563  

01/01/1988 321559   614548   324084   620741   326609   626978   329134   633258   331659   639583   334184   645951  

01/02/1988 321479   612991   324004   619174   326529   625399   329054   631669   331579   637982   334104   644339  

01/03/1988 321399   611456   323924   617627   326449   623842   328974   630100   331499   636403   334024   642749  

01/04/1988 321319   609941   323844   616102   326369   622306   328894   628554   331419   634845   333944   641181  

01/05/1988 321239   608448   323764   614598   326289   620792   328814   627029   331339   633309   333864   639634  

01/06/1988 321159   606954   323684   613094   326209   619277   328734   625503   331259   631773   333784   638087  

01/07/1988 321079   605460   323604   611590   326129   617762   328654   623978   331179   630237   333704   636541  

01/08/1988 320999   604009   323524   610128   326049   616290   328574   622496   331099   628745   333624   635037  

01/09/1988 320919   602557   323444   608666   325969   614818   328494   621013   331019   627252   333544   633534  

01/10/1988 320839   601106   323364   607205   325889   613346   328414   619531   330939   625759   333464   632031  

01/11/1988 320759   599696   323284   605785   325809   611917   328334   618092   330859   624310   333384   630571  

01/12/1988 320679   598287   323204   604366   325729   610487   328254   616652   330779   622860   333304   629112  

01/01/1989 320599   596877   323124   602946   325649   609058   328174   615213   330699   621410   333224   627652  

01/02/1989 320519   595509   323044   601569   325569   607671   328094   613816   330619   620004   333144   626236  

01/03/1989 320439   594142   322964   600192   325489   606284   328014   612420   330539   618598   333064   624819  

01/04/1989 320359   592774   322884   598815   325409   604897   327934   611023   330459   617191   332984   623403  

01/05/1989 320250   591194   322775   597223   325300   603295   327825   609409   330350   615566   332875   621766  

01/06/1989 320141   589628   322666   595646   325191   601707   327716   607810   330241   613956   332766   620145  

01/07/1989 320032   588077   322557   594084   325082   600134   327607   606226   330132   612361   332657   618539  




CL002B                                              ARMY GROUP INSURANCE FUND                                   Page No. 6 
                                  MATURITY AMOUNT PAYABLE TO MEMBERS OF ARMY GROUP INSURANCE SCHEME
                                                             JCO/OR -- APSD
-------------------------------------------------------------------------------------------------------------------------
                                                   Date on Which Amount Calculated
            ----------------------------------------------------------------------------------------------------------
Date of        31/10/2018        30/11/2018        31/12/2018        31/01/2019        28/02/2019        31/03/2019
Joining     Contri-  Payable  Contri-  Payable  Contri-  Payable  Contri-  Payable  Contri-  Payable  Contri-  Payable
AGI Scheme  buted             buted             buted             buted             buted             buted
-------------------------------------------------------------------------------------------------------------------------
01/08/1989 319923   586541   322448   592537   324973   598576   327498   604657   330023   610781   332548   616948  

01/09/1989 319814   585019   322339   591005   324864   597033   327389   603103   329914   609216   332439   615372  

01/10/1989 319705   583511   322230   589486   324755   595504   327280   601563   329805   607665   332330   613810  

01/11/1989 319596   582017   322121   587982   324646   593989   327171   600038   329696   606129   332221   612264  

01/12/1989 319487   580538   322012   586492   324537   592489   327062   598527   329587   604608   332112   610731  

01/01/1990 319378   579072   321903   585016   324428   591002   326953   597030   329478   603100   332003   609213  

01/02/1990 319269   577620   321794   583554   324319   589530   326844   595547   329369   601607   331894   607710  

01/03/1990 319160   576181   321685   582105   324210   588071   326735   594078   329260   600128   331785   606220  

01/04/1990 319051   574756   321576   580670   324101   586626   326626   592623   329151   598663   331676   604744  

01/05/1990 318942   573345   321467   579249   323992   585194   326517   591182   329042   597211   331567   603283  

01/06/1990 318833   571946   321358   577841   323883   583776   326408   589754   328933   595773   331458   601834  

01/07/1990 318724   570561   321249   576445   323774   582371   326299   588339   328824   594348   331349   600400  

01/08/1990 318615   569188   321140   575063   323665   580980   326190   586937   328715   592937   331240   598978  

01/09/1990 318506   567829   321031   573694   323556   579601   326081   585549   328606   591539   331131   597570  

01/10/1990 318397   566482   320922   572338   323447   578235   325972   584173   328497   590153   331022   596175  

01/11/1990 318288   565147   320813   570994   323338   576882   325863   582811   328388   588781   330913   594794  

01/12/1990 318179   563825   320704   569663   323229   575541   325754   581461   328279   587422   330804   593425  

01/01/1991 318070   562516   320595   568344   323120   574213   325645   580123   328170   586075   330695   592068  

01/02/1991 317961   561218   320486   567037   323011   572897   325536   578798   328061   584741   330586   590725  

01/03/1991 317852   559933   320377   565743   322902   571594   325427   577486   327952   583419   330477   589394  

01/04/1991 317743   558659   320268   564461   322793   570302   325318   576185   327843   582109   330368   588075  

01/05/1991 317634   557404   320159   563196   322684   569029   325209   574903   327734   580818   330259   586775  

01/06/1991 317525   556160   320050   561943   322575   567768   325100   573633   327625   579539   330150   585486  

01/07/1991 317416   554927   319941   560702   322466   566518   324991   572374   327516   578272   330041   584210  




CL002B                                              ARMY GROUP INSURANCE FUND                                   Page No. 7 
                                  MATURITY AMOUNT PAYABLE TO MEMBERS OF ARMY GROUP INSURANCE SCHEME
                                                             JCO/OR -- APSD
-------------------------------------------------------------------------------------------------------------------------
                                                   Date on Which Amount Calculated
            ----------------------------------------------------------------------------------------------------------
Date of        31/10/2018        30/11/2018        31/12/2018        31/01/2019        28/02/2019        31/03/2019
Joining     Contri-  Payable  Contri-  Payable  Contri-  Payable  Contri-  Payable  Contri-  Payable  Contri-  Payable
AGI Scheme  buted             buted             buted             buted             buted             buted
-------------------------------------------------------------------------------------------------------------------------
01/08/1991 317307   553707   319832   559473   322357   565280   324882   571127   327407   577016   329932   582946  

01/09/1991 317198   552497   319723   558255   322248   564053   324773   569892   327298   575772   329823   581693  

01/10/1991 317089   551299   319614   557048   322139   562838   324664   568668   327189   574540   329714   580452  

01/11/1991 316980   550111   319505   555852   322030   561634   324555   567456   327080   573319   329605   579223  

01/12/1991 316871   548935   319396   554668   321921   560441   324446   566255   326971   572109   329496   578005  

01/01/1992 316762   547770   319287   553494   321812   559259   324337   565065   326862   570911   329387   576798  

01/02/1992 316653   546615   319178   552332   321703   558089   324228   563886   326753   569723   329278   575602  

01/03/1992 316544   545471   319069   551180   321594   556929   324119   562718   326644   568547   329169   574418  

01/04/1992 316435   544338   318960   550039   321485   555779   324010   561560   326535   567382   329060   573244  

01/05/1992 316326   543225   318851   548918   321376   554651   323901   560424   326426   566238   328951   572092  

01/06/1992 316217   542123   318742   547808   321267   553533   323792   559299   326317   565104   328842   570951  

01/07/1992 316108   541031   318633   546709   321158   552426   323683   558183   326208   563981   328733   569820  

01/08/1992 315999   539949   318524   545619   321049   551329   323574   557078   326099   562869   328624   568699  

01/09/1992 315890   538878   318415   544540   320940   550242   323465   555984   325990   561767   328515   567589  

01/10/1992 315781   537816   318306   543471   320831   549166   323356   554900   325881   560675   328406   566490  

01/11/1992 315672   536765   318197   542413   320722   548100   323247   553827   325772   559594   328297   565402  

01/12/1992 315563   535724   318088   541364   320613   547044   323138   552764   325663   558523   328188   564324  

01/01/1993 315454   534693   317979   540326   320504   545998   323029   551710   325554   557463   328079   563256  

01/02/1993 315345   533671   317870   539297   320395   544962   322920   550667   325445   556412   327970   562198  

01/03/1993 315236   532659   317761   538278   320286   543936   322811   549634   325336   555372   327861   561150  

01/04/1993 315127   531657   317652   537269   320177   542920   322702   548611   325227   554342   327752   560112  

01/05/1993 315018   530674   317543   536279   320068   541923   322593   547607   325118   553330   327643   559094  

01/06/1993 314909   529700   317434   535298   319959   540935   322484   546612   325009   552329   327534   558086  

01/07/1993 314800   528735   317325   534327   319850   539957   322375   545627   324900   551337   327425   557087  




CL002B                                              ARMY GROUP INSURANCE FUND                                   Page No. 8 
                                  MATURITY AMOUNT PAYABLE TO MEMBERS OF ARMY GROUP INSURANCE SCHEME
                                                             JCO/OR -- APSD
-------------------------------------------------------------------------------------------------------------------------
                                                   Date on Which Amount Calculated
            ----------------------------------------------------------------------------------------------------------
Date of        31/10/2018        30/11/2018        31/12/2018        31/01/2019        28/02/2019        31/03/2019
Joining     Contri-  Payable  Contri-  Payable  Contri-  Payable  Contri-  Payable  Contri-  Payable  Contri-  Payable
AGI Scheme  buted             buted             buted             buted             buted             buted
-------------------------------------------------------------------------------------------------------------------------
01/08/1993 314691   527780   317216   533364   319741   538988   322266   544651   324791   550354   327316   556097  

01/09/1993 314582   526833   317107   532411   319632   538028   322157   543685   324682   549381   327207   555117  

01/10/1993 314473   525896   316998   531467   319523   537078   322048   542727   324573   548417   327098   554146  

01/11/1993 314364   524967   316889   530532   319414   536136   321939   541779   324464   547462   326989   553184  

01/12/1993 314255   524047   316780   529606   319305   535203   321830   540840   324355   546516   326880   552232  

01/01/1994 314146   523136   316671   528688   319196   534279   321721   539909   324246   545579   326771   551288  

01/02/1994 314037   522234   316562   527779   319087   533364   321612   538988   324137   544651   326662   550354  

01/03/1994 313928   521340   316453   526879   318978   532457   321503   538075   324028   543732   326553   549428  

01/04/1994 313819   520454   316344   525988   318869   531559   321394   537171   323919   542821   326444   548511  

01/05/1994 313710   519585   316235   525112   318760   530678   321285   536283   323810   541927   326335   547611  

01/06/1994 313601   518724   316126   524245   318651   529805   321176   535404   323701   541042   326226   546719  

01/07/1994 313492   517871   316017   523386   318542   528940   321067   534533   323592   540165   326117   545836  

01/08/1994 313383   517026   315908   522535   318433   528083   320958   533670   323483   539296   326008   544961  

01/09/1994 313274   516189   315799   521693   318324   527235   320849   532815   323374   538435   325899   544094  

01/10/1994 313165   515360   315690   520858   318215   526394   320740   531969   323265   537583   325790   543236  

01/11/1994 313056   514539   315581   520031   318106   525561   320631   531130   323156   536738   325681   542385  

01/12/1994 312947   513726   315472   519212   317997   524736   320522   530299   323047   535901   325572   541543  

01/01/1995 312838   512920   315363   518400   317888   523919   320413   529476   322938   535073   325463   540708  

01/02/1995 312729   512121   315254   517596   317779   523109   320304   528661   322829   534252   325354   539881  

01/03/1995 312620   511330   315145   516799   317670   522307   320195   527853   322720   533438   325245   539062  

01/04/1995 312511   510547   315036   516010   317561   521512   320086   527053   322611   532632   325136   538251  

01/05/1995 312402   509778   314927   515236   317452   520732   319977   526268   322502   531842   325027   537455  

01/06/1995 312293   509016   314818   514469   317343   519960   319868   525490   322393   531058   324918   536666  

01/07/1995 312184   508261   314709   513709   317234   519194   319759   524719   322284   530282   324809   535884  




CL002B                                              ARMY GROUP INSURANCE FUND                                   Page No. 9 
                                  MATURITY AMOUNT PAYABLE TO MEMBERS OF ARMY GROUP INSURANCE SCHEME
                                                             JCO/OR -- APSD
-------------------------------------------------------------------------------------------------------------------------
                                                   Date on Which Amount Calculated
            ----------------------------------------------------------------------------------------------------------
Date of        31/10/2018        30/11/2018        31/12/2018        31/01/2019        28/02/2019        31/03/2019
Joining     Contri-  Payable  Contri-  Payable  Contri-  Payable  Contri-  Payable  Contri-  Payable  Contri-  Payable
AGI Scheme  buted             buted             buted             buted             buted             buted
-------------------------------------------------------------------------------------------------------------------------
01/08/1995 312075   507513   314600   512955   317125   518436   319650   523955   322175   529513   324700   535109  

01/09/1995 311966   506772   314491   512209   317016   517685   319541   523198   322066   528751   324591   534342  

01/10/1995 311857   506038   314382   511470   316907   516940   319432   522449   321957   527996   324482   533582  

01/11/1995 311748   505311   314273   510738   316798   516203   319323   521706   321848   527248   324373   532829  

01/12/1995 311639   504591   314164   510013   316689   515473   319214   520971   321739   526508   324264   532083  

01/01/1996 311530   503877   314055   509294   316580   514749   319105   520242   321630   525774   324155   531344  

01/02/1996 311421   503170   313946   508582   316471   514032   318996   519520   321521   525047   324046   530612  

01/03/1996 311312   502470   313837   507877   316362   513321   318887   518805   321412   524326   323937   529886  

01/04/1996 311203   501776   313728   507178   316253   512618   318778   518096   321303   523612   323828   529168  

01/05/1996 311094   501097   313619   506495   316144   511930   318669   517403   321194   522915   323719   528465  

01/06/1996 310985   500425   313510   505818   316035   511248   318560   516717   321085   522224   323610   527769  

01/07/1996 310876   499759   313401   505147   315926   510573   318451   516037   320976   521539   323501   527080  

01/08/1996 310767   499099   313292   504483   315817   509904   318342   515363   320867   520860   323392   526396  

01/09/1996 310658   498446   313183   503824   315708   509241   318233   514695   320758   520188   323283   525719  

01/10/1996 310549   497798   313074   503172   315599   508584   318124   514034   320649   519522   323174   525049  

01/11/1996 310440   497156   312965   502526   315490   507933   318015   513379   320540   518862   323065   524384  

01/12/1996 310331   496520   312856   501886   315381   507288   317906   512729   320431   518208   322956   523726  

01/01/1997 310222   495890   312747   501251   315272   506650   317797   512086   320322   517560   322847   523073  

01/02/1997 310113   495266   312638   500622   315163   506017   317688   511448   320213   516918   322738   522427  

01/03/1997 310004   494647   312529   500000   315054   505389   317579   510817   320104   516282   322629   521786  

01/04/1997 309895   494035   312420   499382   314945   504768   317470   510191   319995   515652   322520   521151  

01/05/1997 309786   493435   312311   498779   314836   504160   317361   509579   319886   515036   322411   520531  

01/06/1997 309677   492842   312202   498181   314727   503558   317252   508973   319777   514425   322302   519916  

01/07/1997 309568   492253   312093   497588   314618   502961   317143   508372   319668   513820   322193   519307  




CL002B                                              ARMY GROUP INSURANCE FUND                                   Page No. 10 
                                  MATURITY AMOUNT PAYABLE TO MEMBERS OF ARMY GROUP INSURANCE SCHEME
                                                             JCO/OR -- APSD
-------------------------------------------------------------------------------------------------------------------------
                                                   Date on Which Amount Calculated
            ----------------------------------------------------------------------------------------------------------
Date of        31/10/2018        30/11/2018        31/12/2018        31/01/2019        28/02/2019        31/03/2019
Joining     Contri-  Payable  Contri-  Payable  Contri-  Payable  Contri-  Payable  Contri-  Payable  Contri-  Payable
AGI Scheme  buted             buted             buted             buted             buted             buted
-------------------------------------------------------------------------------------------------------------------------
01/08/1997 309459   491670   311984   497001   314509   502370   317034   507776   319559   513221   322084   518703  

01/09/1997 309350   491092   311875   496420   314400   501784   316925   507186   319450   512626   321975   518105  

01/10/1997 309085   489601   311610   494918   314135   500272   316660   505664   319185   511093   321710   516561  

01/11/1997 308820   488124   311345   493430   313870   498774   316395   504155   318920   509574   321445   515031  

01/12/1997 308555   486660   311080   491956   313605   497289   316130   502660   318655   508068   321180   513514  

01/01/1998 308290   485209   310815   490495   313340   495818   315865   501178   318390   506576   320915   512012  

01/02/1998 308025   483772   310550   489048   313075   494360   315600   499711   318125   505098   320650   510524  

01/03/1998 307760   482347   310285   487613   312810   492916   315335   498256   317860   503633   320385   509049  

01/04/1998 307495   480936   310020   486192   312545   491485   315070   496815   317595   502182   320120   507587  

01/05/1998 307230   479550   309755   484796   312280   490079   314805   495399   317330   500756   319855   506151  

01/06/1998 306965   478176   309490   483413   312015   488686   314540   493996   317065   499344   319590   504729  

01/07/1998 306700   476815   309225   482042   311750   487306   314275   492606   316800   497944   319325   503319  

01/08/1998 306435   475466   308960   480683   311485   485938   314010   491229   316535   496557   319060   501922  

01/09/1998 306170   474129   308695   479337   311220   484582   313745   489863   316270   495182   318795   500538  

01/10/1998 305905   472804   308430   478003   310955   483239   313480   488511   316005   493820   318530   499166  

01/11/1998 305640   471491   308165   476681   310690   481907   313215   487170   315740   492470   318265   497806  

01/12/1998 305375   470190   307900   475371   310425   480588   312950   485841   315475   491132   318000   496459  

01/01/1999 305110   468901   307635   474073   310160   479280   312685   484525   315210   489806   317735   495124  

01/02/1999 304845   467623   307370   472786   309895   477985   312420   483220   314945   488492   317470   493801  

01/03/1999 304580   466357   307105   471511   309630   476700   312155   481927   314680   487190   317205   492489  

01/04/1999 304315   465102   306840   470247   309365   475428   311890   480645   314415   485899   316940   491190  

01/05/1999 304050   463873   306575   469010   309100   474182   311625   479391   314150   484636   316675   489918  

01/06/1999 303785   462656   306310   467784   308835   472947   311360   478147   313885   483384   316410   488657  

01/07/1999 303520   461450   306045   466569   308570   471724   311095   476915   313620   482143   316145   487408  




CL002B                                              ARMY GROUP INSURANCE FUND                                   Page No. 11 
                                  MATURITY AMOUNT PAYABLE TO MEMBERS OF ARMY GROUP INSURANCE SCHEME
                                                             JCO/OR -- APSD
-------------------------------------------------------------------------------------------------------------------------
                                                   Date on Which Amount Calculated
            ----------------------------------------------------------------------------------------------------------
Date of        31/10/2018        30/11/2018        31/12/2018        31/01/2019        28/02/2019        31/03/2019
Joining     Contri-  Payable  Contri-  Payable  Contri-  Payable  Contri-  Payable  Contri-  Payable  Contri-  Payable
AGI Scheme  buted             buted             buted             buted             buted             buted
-------------------------------------------------------------------------------------------------------------------------
01/08/1999 303255   460254   305780   465365   308305   470512   310830   475695   313355   480914   315880   486170  

01/09/1999 302990   459069   305515   464172   308040   469310   310565   474485   313090   479695   315615   484943  

01/10/1999 302725   457895   305250   462990   307775   468120   310300   473286   312825   478488   315350   483727  

01/11/1999 302460   456732   304985   461818   307510   466940   310035   472098   312560   477292   315085   482522  

01/12/1999 302195   455579   304720   460657   307245   465771   309770   470920   312295   476106   314820   481328  

01/01/2000 301930   454436   304455   459506   306980   464612   309505   469753   312030   474931   314555   480145  

01/02/2000 301665   453304   304190   458366   306715   463463   309240   468597   311765   473766   314290   478972  

01/03/2000 301400   452181   303925   457235   306450   462325   308975   467451   311500   472612   314025   477809  

01/04/2000 301135   451069   303660   456115   306185   461197   308710   466315   311235   471468   313760   476658  

01/05/2000 300870   449980   303395   455019   305920   460093   308445   465203   310970   470348   313495   475530  

01/06/2000 300605   448901   303130   453932   305655   458999   308180   464101   310705   469239   313230   474413  

01/07/2000 300340   447832   302865   452855   305390   457914   307915   463009   310440   468139   312965   473305  

01/08/2000 300075   446772   302600   451788   305125   456840   307650   461927   310175   467049   312700   472208  

01/09/2000 299810   445722   302335   450731   304860   455775   307385   460854   309910   465969   312435   471120  

01/10/2000 299545   444681   302070   449683   304595   454719   307120   459791   309645   464899   312170   470043  

01/11/2000 299280   443650   301805   448644   304330   453674   306855   458738   309380   463838   311905   468974  

01/12/2000 299015   442628   301540   447615   304065   452637   306590   457694   309115   462787   311640   467916  

01/01/2001 298750   441615   301275   446595   303800   451610   306325   456660   308850   461746   311375   466867  

01/02/2001 298485   440611   301010   445584   303535   450592   306060   455635   308585   460713   311110   465827  

01/03/2001 298220   439616   300745   444582   303270   449583   305795   454619   308320   459690   310845   464797  

01/04/2001 297955   438630   300480   443589   303005   448583   305530   453612   308055   458676   310580   463776  

01/05/2001 297690   437657   300215   442609   302740   447597   305265   452619   307790   457676   310315   462769  

01/06/2001 297425   436693   299950   441638   302475   446619   305000   451634   307525   456684   310050   461770  

01/07/2001 297160   435736   299685   440675   302210   445649   304735   450657   307260   455701   309785   460780  




CL002B                                              ARMY GROUP INSURANCE FUND                                   Page No. 12 
                                  MATURITY AMOUNT PAYABLE TO MEMBERS OF ARMY GROUP INSURANCE SCHEME
                                                             JCO/OR -- APSD
-------------------------------------------------------------------------------------------------------------------------
                                                   Date on Which Amount Calculated
            ----------------------------------------------------------------------------------------------------------
Date of        31/10/2018        30/11/2018        31/12/2018        31/01/2019        28/02/2019        31/03/2019
Joining     Contri-  Payable  Contri-  Payable  Contri-  Payable  Contri-  Payable  Contri-  Payable  Contri-  Payable
AGI Scheme  buted             buted             buted             buted             buted             buted
-------------------------------------------------------------------------------------------------------------------------
01/08/2001 296895   434788   299420   439720   301945   444687   304470   449689   306995   454725   309520   459797  

01/09/2001 296630   433847   299155   438773   301680   443733   304205   448728   306730   453758   309255   458824  

01/10/2001 296365   432915   298890   437834   301415   442788   303940   447776   306465   452799   308990   457858  

01/11/2001 296100   431990   298625   436903   301150   441850   303675   446831   306200   451848   308725   456900  

01/12/2001 295835   431073   298360   435979   300885   440920   303410   445895   305935   450905   308460   455950  

01/01/2002 295570   430163   298095   435063   300620   439997   303145   444966   305670   449970   308195   455008  

01/02/2002 295305   429261   297830   434155   300355   439082   302880   444045   305405   449042   307930   454074  

01/03/2002 295040   428367   297565   433254   300090   438175   302615   443131   305140   448122   307665   453148  

01/04/2002 294775   427479   297300   432360   299825   437276   302350   442225   304875   447210   307400   452229  

01/05/2002 294510   426610   297035   431485   299560   436394   302085   441338   304610   446316   307135   451329  

01/06/2002 294245   425748   296770   430617   299295   435520   301820   440457   304345   445429   306870   450436  

01/07/2002 293980   424892   296505   429755   299030   434652   301555   439583   304080   444549   306605   449550  

01/08/2002 293715   424043   296240   428900   298765   433791   301290   438716   303815   443676   306340   448670  

01/09/2002 293450   423200   295975   428051   298500   432936   301025   437855   303550   442809   306075   447798  

01/10/2002 293185   422363   295710   427208   298235   432087   300760   437001   303285   441949   305810   446931  

01/11/2002 292920   421532   295445   426372   297970   431245   300495   436152   303020   441094   305545   446070  

01/12/2002 292655   420707   295180   425541   297705   430408   300230   435310   302755   440245   305280   445216  

01/01/2003 292390   419888   294915   424716   297440   429577   299965   434473   302490   439403   305015   444367  

01/02/2003 292125   419074   294650   423896   297175   428752   299700   433642   302225   438566   304750   443525  

01/03/2003 291860   418266   294385   423083   296910   427933   299435   432817   301960   437735   304485   442688  

01/04/2003 291595   417464   294120   422275   296645   427119   299170   431998   301695   436910   304220   441857  

01/05/2003 291330   416667   293855   421472   296380   426311   298905   431184   301430   436091   303955   441032  

01/06/2003 291065   415876   293590   420676   296115   425509   298640   430376   301165   435277   303690   440213  

01/07/2003 290800   415090   293325   419884   295850   424712   298375   429574   300900   434469   303425   439399  




CL002B                                              ARMY GROUP INSURANCE FUND                                   Page No. 13 
                                  MATURITY AMOUNT PAYABLE TO MEMBERS OF ARMY GROUP INSURANCE SCHEME
                                                             JCO/OR -- APSD
-------------------------------------------------------------------------------------------------------------------------
                                                   Date on Which Amount Calculated
            ----------------------------------------------------------------------------------------------------------
Date of        31/10/2018        30/11/2018        31/12/2018        31/01/2019        28/02/2019        31/03/2019
Joining     Contri-  Payable  Contri-  Payable  Contri-  Payable  Contri-  Payable  Contri-  Payable  Contri-  Payable
AGI Scheme  buted             buted             buted             buted             buted             buted
-------------------------------------------------------------------------------------------------------------------------
01/08/2003 290535   414310   293060   419099   295585   423921   298110   428777   300635   433667   303160   438591  

01/09/2003 290270   413544   292795   418328   295320   423144   297845   427995   300370   432880   302895   437798  

01/10/2003 289760   411936   292285   416708   294810   421514   297335   426353   299860   431226   302385   436133  

01/11/2003 289250   410338   291775   415099   294300   419893   296825   424721   299350   429583   301875   434478  

01/12/2003 288740   408751   291265   413500   293790   418283   296315   423100   298840   427950   301365   432834  

01/01/2004 288230   407173   290755   411912   293280   416684   295805   421489   298330   426328   300855   431201  

01/02/2004 287720   405606   290245   410334   292770   415094   295295   419888   297820   424716   300345   429578  

01/03/2004 287210   404049   289735   408765   292260   413515   294785   418298   297310   423115   299835   427965  

01/04/2004 286700   402501   289225   407207   291750   411946   294275   416718   296800   421523   299325   426362  

01/05/2004 286190   400981   288715   405676   291240   410404   293765   415165   296290   419960   298815   424788  

01/06/2004 285680   399469   288205   404154   290730   408871   293255   413621   295780   418405   298305   423222  

01/07/2004 285170   397966   287695   402640   290220   407347   292745   412087   295270   416859   297795   421666  

01/08/2004 284660   396472   287185   401135   289710   405831   292235   410560   294760   415323   297285   420118  

01/09/2004 284150   394986   286675   399639   289200   404325   291725   409043   294250   413795   296775   418580  

01/10/2004 283640   393509   286165   398151   288690   402827   291215   407535   293740   412276   296265   417050  

01/11/2004 283130   392040   285655   396672   288180   401337   290705   406035   293230   410765   295755   415529  

01/12/2004 282620   390580   285145   395202   287670   399856   290195   404544   292720   409264   295245   414017  

01/01/2005 282110   389128   284635   393740   287160   398384   289685   403061   292210   407771   294735   412513  

01/02/2005 281345   386962   283870   391559   286395   396188   288920   400850   291445   405544   293970   410271  

01/03/2005 280580   384809   283105   389391   285630   394005   288155   398651   290680   403330   293205   408041  

01/04/2005 279815   382669   282340   387235   284865   391834   287390   396465   289915   401128   292440   405824  

01/05/2005 279050   380564   281575   385116   284100   389699   286625   394315   289150   398964   291675   403645  

01/06/2005 278285   378471   280810   383008   283335   387577   285860   392178   288385   396812   290910   401478  

01/07/2005 277520   376391   280045   380913   282570   385468   285095   390054   287620   394672   290145   399323  




CL002B                                              ARMY GROUP INSURANCE FUND                                   Page No. 14 
                                  MATURITY AMOUNT PAYABLE TO MEMBERS OF ARMY GROUP INSURANCE SCHEME
                                                             JCO/OR -- APSD
-------------------------------------------------------------------------------------------------------------------------
                                                   Date on Which Amount Calculated
            ----------------------------------------------------------------------------------------------------------
Date of        31/10/2018        30/11/2018        31/12/2018        31/01/2019        28/02/2019        31/03/2019
Joining     Contri-  Payable  Contri-  Payable  Contri-  Payable  Contri-  Payable  Contri-  Payable  Contri-  Payable
AGI Scheme  buted             buted             buted             buted             buted             buted
-------------------------------------------------------------------------------------------------------------------------
01/08/2005 276755   374322   279280   378830   281805   383370   284330   387942   286855   392545   289380   397181  

01/09/2005 275990   372266   278515   376759   281040   381284   283565   385841   286090   390430   288615   395051  

01/10/2005 275225   370221   277750   374700   280275   379211   282800   383753   285325   388328   287850   392934  

01/11/2005 274460   368188   276985   372653   279510   377149   282035   381677   284560   386237   287085   390829  

01/12/2005 273695   366167   276220   370618   278745   375100   281270   379613   283795   384159   286320   388736  

01/01/2006 272930   364157   275455   368594   277980   373062   280505   377561   283030   382092   285555   386655  

01/02/2006 272165   362159   274690   366582   277215   371036   279740   375521   282265   380037   284790   384585  

01/03/2006 271400   360173   273925   364581   276450   369021   278975   373492   281500   377994   284025   382528  

01/04/2006 270635   358197   273160   362592   275685   367018   278210   371475   280735   375963   283260   380483  

01/05/2006 269870   356256   272395   360637   274920   365049   277445   369492   279970   373966   282495   378472  

01/06/2006 269105   354325   271630   358693   274155   363091   276680   367521   279205   371981   281730   376473  

01/07/2006 268340   352406   270865   356760   273390   361145   275915   365560   278440   370007   280965   374485  

01/08/2006 267575   350497   270100   354838   272625   359210   275150   363612   277675   368045   280200   372509  

01/09/2006 266810   348600   269335   352928   271860   357286   274385   361674   276910   366094   279435   370544  

01/10/2006 266045   346714   268570   351028   271095   355373   273620   359748   276145   364154   278670   368591  

01/11/2006 265280   344838   267805   349140   270330   353471   272855   357833   275380   362225   277905   366649  

01/12/2006 264515   342974   267040   347262   269565   351580   272090   355929   274615   360308   277140   364718  

01/01/2007 263750   341120   266275   345395   268800   349700   271325   354036   273850   358402   276375   362798  

01/02/2007 262985   339277   265510   343539   268035   347831   270560   352154   273085   356506   275610   360889  

01/03/2007 262220   337445   264745   341694   267270   345973   269795   350283   272320   354622   274845   358992  

01/04/2007 261455   335623   263980   339859   266505   344126   269030   348422   271555   352748   274080   357105  

01/05/2007 260690   333832   263215   338056   265740   342310   268265   346593   270790   350907   273315   355250  

01/06/2007 259925   332052   262450   336263   264975   340504   267500   344775   270025   349076   272550   353407  

01/07/2007 259160   330283   261685   334482   264210   338711   266735   342969   269260   347257   271785   351575  




CL002B                                              ARMY GROUP INSURANCE FUND                                   Page No. 15 
                                  MATURITY AMOUNT PAYABLE TO MEMBERS OF ARMY GROUP INSURANCE SCHEME
                                                             JCO/OR -- APSD
-------------------------------------------------------------------------------------------------------------------------
                                                   Date on Which Amount Calculated
            ----------------------------------------------------------------------------------------------------------
Date of        31/10/2018        30/11/2018        31/12/2018        31/01/2019        28/02/2019        31/03/2019
Joining     Contri-  Payable  Contri-  Payable  Contri-  Payable  Contri-  Payable  Contri-  Payable  Contri-  Payable
AGI Scheme  buted             buted             buted             buted             buted             buted
-------------------------------------------------------------------------------------------------------------------------
01/08/2007 258395   328525   260920   332711   263445   336928   265970   341173   268495   345449   271020   349755  

01/09/2007 257630   326777   260155   330952   262680   335156   265205   339389   267730   343652   270255   347945  

01/10/2007 256865   325041   259390   329203   261915   333395   264440   337616   266965   341866   269490   346147  

01/11/2007 256100   323315   258625   327465   261150   331645   263675   335853   266200   340092   268725   344360  

01/12/2007 255335   321600   257860   325738   260385   329905   262910   334102   265435   338328   267960   342583  

01/01/2008 254570   319895   257095   324021   259620   328177   262145   332361   264670   336575   267195   340818  

01/02/2008 253805   318201   256330   322315   258855   326459   261380   330631   263905   334833   266430   339064  

01/03/2008 253040   316517   255565   320620   258090   324751   260615   328911   263140   333101   265665   337320  

01/04/2008 252275   314844   254800   318934   257325   323054   259850   327202   262375   331380   264900   335587  

01/05/2008 251510   313208   254035   317288   256560   321396   259085   325533   261610   329698   264135   333894  

01/06/2008 250745   311584   253270   315652   255795   319749   258320   323874   260845   328028   263370   332211  

01/07/2008 249980   309970   252505   314027   255030   318112   257555   322226   260080   326369   262605   330540  

01/08/2008 249215   308367   251740   312413   254265   316486   256790   320589   259315   324720   261840   328880  

01/09/2008 248450   306775   250975   310809   253500   314871   256025   318962   258550   323082   261075   327231  

01/10/2008 247685   305192   250210   309216   252735   313267   255260   317347   257785   321455   260310   325593  

01/11/2008 246920   303621   249445   307633   251970   311673   254495   315742   257020   319839   259545   323965  

01/12/2008 246155   302059   248680   306060   251205   310090   253730   314147   256255   318233   258780   322348  

01/01/2009 245390   300508   247915   304498   250440   308517   252965   312563   255490   316638   258015   320741  

01/02/2009 244280   298413   246805   302389   249330   306392   251855   310424   254380   314484   256905   318572  

01/03/2009 243170   296332   245695   300293   248220   304281   250745   308298   253270   312343   255795   316416  

01/04/2009 242060   294264   244585   298210   247110   302184   249635   306186   252160   310217   254685   314275  

01/05/2009 240950   292247   243475   296179   246000   300139   248525   304127   251050   308142   253575   312186  

01/06/2009 239840   290243   242365   294161   244890   298107   247415   302080   249940   306082   252465   310111  

01/07/2009 238730   288252   241255   292157   243780   296088   246305   300048   248830   304035   251355   308050  




CL002B                                              ARMY GROUP INSURANCE FUND                                   Page No. 16 
                                  MATURITY AMOUNT PAYABLE TO MEMBERS OF ARMY GROUP INSURANCE SCHEME
                                                             JCO/OR -- APSD
-------------------------------------------------------------------------------------------------------------------------
                                                   Date on Which Amount Calculated
            ----------------------------------------------------------------------------------------------------------
Date of        31/10/2018        30/11/2018        31/12/2018        31/01/2019        28/02/2019        31/03/2019
Joining     Contri-  Payable  Contri-  Payable  Contri-  Payable  Contri-  Payable  Contri-  Payable  Contri-  Payable
AGI Scheme  buted             buted             buted             buted             buted             buted
-------------------------------------------------------------------------------------------------------------------------
01/08/2009 237620   286275   240145   290165   242670   294083   245195   298028   247720   302001   250245   306002  

01/09/2009 236510   284310   239035   288187   241560   292091   244085   296022   246610   299981   249135   303968  

01/10/2009 235400   282359   237925   286222   240450   290112   242975   294030   245500   297974   248025   301947  

01/11/2009 234290   280421   236815   284270   239340   288146   241865   292050   244390   295981   246915   299940  

01/12/2009 233180   278495   235705   282331   238230   286194   240755   290083   243280   294001   245805   297945  

01/01/2010 232070   276582   234595   280404   237120   284254   239645   288130   242170   292033   244695   295964  

01/02/2010 230960   274681   233485   278490   236010   282326   238535   286189   241060   290079   243585   293996  

01/03/2010 229850   272793   232375   276589   234900   280412   237425   284261   239950   288138   242475   292041  

01/04/2010 228740   270918   231265   274701   233790   278510   236315   282346   238840   286209   241365   290099  

01/05/2010 227630   269066   230155   272836   232680   276632   235205   280455   237730   284304   240255   288181  

01/06/2010 226520   267226   229045   270983   231570   274766   234095   278576   236620   282412   239145   286275  

01/07/2010 225410   265397   227935   269141   230460   272911   232985   276708   235510   280532   238035   284382  

01/08/2010 224300   263580   226825   267311   229350   271069   231875   274852   234400   278663   236925   282500  

01/09/2010 223190   261774   225715   265493   228240   269237   230765   273008   233290   276806   235815   280630  

01/10/2010 222080   259979   224605   263685   227130   267417   229655   271175   232180   274960   234705   278771  

01/11/2010 220970   258196   223495   261889   226020   265609   228545   269354   231070   273126   233595   276924  

01/12/2010 219860   256424   222385   260105   224910   263812   227435   267545   229960   271304   232485   275090  

01/01/2011 218750   254664   221275   258333   223800   262027   226325   265748   228850   269494   231375   273267  

01/02/2011 217640   252916   220165   256572   222690   260254   225215   263962   227740   267696   230265   271456  

01/03/2011 216530   251179   219055   254823   221580   258493   224105   262188   226630   265910   229155   269657  

01/04/2011 215420   249453   217945   253085   220470   256743   222995   260426   225520   264135   228045   267871  

01/05/2011 213390   246077   215915   249685   218440   253319   220965   256978   223490   260663   226015   264374  

01/06/2011 211360   242723   213885   246308   216410   249918   218935   253554   221460   257215   223985   260901  

01/07/2011 209330   239393   211855   242955   214380   246541   216905   250153   219430   253790   221955   257453  




CL002B                                              ARMY GROUP INSURANCE FUND                                   Page No. 17 
                                  MATURITY AMOUNT PAYABLE TO MEMBERS OF ARMY GROUP INSURANCE SCHEME
                                                             JCO/OR -- APSD
-------------------------------------------------------------------------------------------------------------------------
                                                   Date on Which Amount Calculated
            ----------------------------------------------------------------------------------------------------------
Date of        31/10/2018        30/11/2018        31/12/2018        31/01/2019        28/02/2019        31/03/2019
Joining     Contri-  Payable  Contri-  Payable  Contri-  Payable  Contri-  Payable  Contri-  Payable  Contri-  Payable
AGI Scheme  buted             buted             buted             buted             buted             buted
-------------------------------------------------------------------------------------------------------------------------
01/08/2011 207300   236085   209825   239624   212350   243187   214875   246775   217400   250389   219925   254027  

01/09/2011 205270   232800   207795   236316   210320   239856   212845   243421   215370   247010   217895   250625  

01/10/2011 203240   229538   205765   233030   208290   236547   210815   240089   213340   243655   215865   247247  

01/11/2011 201210   226297   203735   229767   206260   233261   208785   236780   211310   240323   213835   243891  

01/12/2011 199180   223079   201705   226526   204230   229998   206755   233494   209280   237014   211805   240559  

01/01/2012 197150   219883   199675   223308   202200   226757   204725   230230   207250   233727   209775   237249  

01/02/2012 195120   216709   197645   220111   200170   223537   202695   226988   205220   230462   207745   233961  

01/03/2012 193090   213556   195615   216936   198140   220340   200665   223768   203190   227220   205715   230696  

01/04/2012 191060   210424   193585   213783   196110   217165   198635   220570   201160   224000   203685   227454  

01/05/2012 189030   207365   191555   210702   194080   214063   196605   217447   199130   220854   201655   224286  

01/06/2012 187000   204327   189525   207642   192050   210981   194575   214344   197100   217730   199625   221139  

01/07/2012 184970   201309   187495   204603   190020   207921   192545   211262   195070   214626   197595   218014  

01/08/2012 182940   198311   185465   201585   187990   204881   190515   208201   193040   211543   195565   214910  

01/09/2012 180910   195334   183435   198586   185960   201862   188485   205160   191010   208482   193535   211826  

01/10/2012 178880   192376   181405   195608   183930   198863   186455   202140   188980   205440   191505   208764  

01/11/2012 176850   189439   179375   192650   181900   195884   184425   199140   186950   202419   189475   205722  

01/12/2012 174820   186521   177345   189712   179870   192925   182395   196161   184920   199419   187445   202700  

01/01/2013 172790   183623   175315   186793   177840   189986   180365   193201   182890   196439   185415   199699  

01/02/2013 170760   180744   173285   183894   175810   187067   178335   190261   180860   193478   183385   196718  

01/03/2013 168730   177885   171255   181015   173780   184167   176305   187341   178830   190538   181355   193757  

01/04/2013 166700   175045   169225   178155   171750   181287   174275   184441   176800   187617   179325   190815  

01/05/2013 164670   172256   167195   175346   169720   178459   172245   181593   174770   184749   177295   187927  

01/06/2013 162640   169485   165165   172556   167690   175649   170215   178764   172740   181900   175265   185058  

01/07/2013 160610   166733   163135   169785   165660   172858   168185   175953   170710   179070   173235   182208  




CL002B                                              ARMY GROUP INSURANCE FUND                                   Page No. 18 
                                  MATURITY AMOUNT PAYABLE TO MEMBERS OF ARMY GROUP INSURANCE SCHEME
                                                             JCO/OR -- APSD
-------------------------------------------------------------------------------------------------------------------------
                                                   Date on Which Amount Calculated
            ----------------------------------------------------------------------------------------------------------
Date of        31/10/2018        30/11/2018        31/12/2018        31/01/2019        28/02/2019        31/03/2019
Joining     Contri-  Payable  Contri-  Payable  Contri-  Payable  Contri-  Payable  Contri-  Payable  Contri-  Payable
AGI Scheme  buted             buted             buted             buted             buted             buted
-------------------------------------------------------------------------------------------------------------------------
01/08/2013 158580   163999   161105   167032   163630   170086   166155   173161   168680   176258   171205   179377  

01/09/2013 156550   161283   159075   164297   161600   167332   164125   170388   166650   173465   169175   176564  

01/10/2013 154025   157826   156550   160815   159075   163826   161600   166857   164125   169910   166650   172984  

01/11/2013 151500   154392   154025   157357   156550   160343   159075   163350   161600   166379   164125   169428  

01/12/2013 148975   150980   151500   153922   154025   156884   156550   159867   159075   162870   161600   165895  

01/01/2014 146450   147591   148975   150509   151500   153447   154025   156406   156550   159385   159075   162386  

01/02/2014 143925   144224   146450   147118   148975   150033   151500   152968   154025   155923   156550   158899  

01/03/2014 141400   140880   143925   143751   146450   146641   148975   149552   151500   152484   154025   155436  

01/04/2014 138875   137557   141400   140405   143925   143272   146450   146159   148975   149067   151500   151995  

01/05/2014 136350   134312   138875   137137   141400   139981   143925   142845   146450   145730   148975   148634  

01/06/2014 133825   131089   136350   133891   138875   136712   141400   139554   143925   142415   146450   145296  

01/07/2014 131300   127887   133825   130666   136350   133465   138875   136284   141400   139122   143925   141980  

01/08/2014 128775   124706   131300   127463   133825   130240   136350   133036   138875   135851   141400   138687  

01/09/2014 126250   121547   128775   124282   131300   127036   133825   129810   136350   132603   138875   135415  

01/10/2014 123725   118409   126250   121122   128775   123854   131300   126605   133825   129376   136350   132165  

01/11/2014 121200   115292   123725   117983   126250   120693   128775   123422   131300   126170   133825   128938  

01/12/2014 118675   112196   121200   114865   123725   117553   126250   120260   128775   122986   131300   125731  

01/01/2015 116150   109120   118675   111768   121200   114434   123725   117119   126250   119823   128775   122546  

01/02/2015 113625   106065   116150   108691   118675   111336   121200   114000   123725   116682   126250   119382  

01/03/2015 111100   103030   113625   105636   116150   108259   118675   110901   121200   113561   123725   116240  

01/04/2015 108575   100016   111100   102600   113625   105202   116150   107822   118675   110461   121200   113118  

01/05/2015 106050    97073   108575    99636   111100   102217   113625   104817   116150   107434   118675   110070  

01/06/2015 103525    94150   106050    96693   108575    99253   111100   101832   113625   104429   116150   107044  

01/07/2015 101000    91248   103525    93770   106050    96310   108575    98868   111100   101444   113625   104038  




CL002B                                              ARMY GROUP INSURANCE FUND                                   Page No. 19 
                                  MATURITY AMOUNT PAYABLE TO MEMBERS OF ARMY GROUP INSURANCE SCHEME
                                                             JCO/OR -- APSD
-------------------------------------------------------------------------------------------------------------------------
                                                   Date on Which Amount Calculated
            ----------------------------------------------------------------------------------------------------------
Date of        31/10/2018        30/11/2018        31/12/2018        31/01/2019        28/02/2019        31/03/2019
Joining     Contri-  Payable  Contri-  Payable  Contri-  Payable  Contri-  Payable  Contri-  Payable  Contri-  Payable
AGI Scheme  buted             buted             buted             buted             buted             buted
-------------------------------------------------------------------------------------------------------------------------
01/08/2015  98475    88365   101000    90868   103525    93387   106050    95925   108575    98480   111100   101053  

01/09/2015  95950    85503    98475    87985   101000    90485   103525    93002   106050    95537   108575    98089  

01/10/2015  93425    82661    95950    85123    98475    87603   101000    90100   103525    92614   106050    95146  

01/11/2015  90900    79905    93425    82348    95950    84808    98475    87285   101000    89780   103525    92292  

01/12/2015  88375    77169    90900    79593    93425    82033    95950    84491    98475    86966   101000    89458  

01/01/2016  85850    74452    88375    76857    90900    79278    93425    81717    95950    84172    98475    86645  

01/02/2016  83325    71755    85850    74141    88375    76543    90900    78962    93425    81399    95950    83852  

01/03/2016  80800    69077    83325    71444    85850    73827    88375    76228    90900    78645    93425    81079  

01/04/2016  78275    66418    80800    68766    83325    71131    85850    73512    88375    75910    90900    78325  

01/05/2016  75750    63825    78275    66155    80800    68501    83325    70864    85850    73243    88375    75640  

01/06/2016  73225    61250    75750    63562    78275    65890    80800    68235    83325    70596    85850    72973  

01/07/2016  70700    58693    73225    60987    75750    63297    78275    65624    80800    67966    83325    70325  

01/08/2016  68175    56154    70700    58431    73225    60723    75750    63031    78275    65356    80800    67697  

01/09/2016  65650    53634    68175    55892    70700    58167    73225    60457    75750    62764    78275    65086  

01/10/2016  63125    51131    65650    53372    68175    55629    70700    57901    73225    60190    75750    62494  

01/11/2016  60600    48897    63125    51122    65650    53363    68175    55620    70700    57892    73225    60181  

01/12/2016  58075    46679    60600    48888    63125    51114    65650    53355    68175    55611    70700    57884  

01/01/2017  55550    44476    58075    46670    60600    48880    63125    51105    65650    53346    68175    55603  

01/02/2017  53025    42289    55550    44468    58075    46662    60600    48872    63125    51097    65650    53338  

01/03/2017  50500    40117    53025    42280    55550    44459    58075    46654    60600    48863    63125    51088  

01/04/2017  47975    37959    50500    40107    53025    42271    55550    44450    58075    46644    60600    48854  

01/05/2017  45450    35844    47975    37978    50500    40126    53025    42290    55550    44469    58075    46663  

01/06/2017  42925    33743    45450    35862    47975    37996    50500    40145    53025    42309    55550    44488  

01/07/2017  40400    31656    42925    33760    45450    35879    47975    38013    50500    40162    53025    42326  




CL002B                                              ARMY GROUP INSURANCE FUND                                   Page No. 20 
                                  MATURITY AMOUNT PAYABLE TO MEMBERS OF ARMY GROUP INSURANCE SCHEME
                                                             JCO/OR -- APSD
-------------------------------------------------------------------------------------------------------------------------
                                                   Date on Which Amount Calculated
            ----------------------------------------------------------------------------------------------------------
Date of        31/10/2018        30/11/2018        31/12/2018        31/01/2019        28/02/2019        31/03/2019
Joining     Contri-  Payable  Contri-  Payable  Contri-  Payable  Contri-  Payable  Contri-  Payable  Contri-  Payable
AGI Scheme  buted             buted             buted             buted             buted             buted
-------------------------------------------------------------------------------------------------------------------------
01/08/2017  37875    29582    40400    31672    42925    33777    45450    35896    47975    38030    50500    40179  

01/09/2017  35350    27523    37875    29598    40400    31688    42925    33793    45450    35912    47975    38046  

01/10/2017  32825    25476    35350    27537    37875    29613    40400    31703    42925    33808    45450    35927  

01/11/2017  30300    23444    32825    25491    35350    27552    37875    29627    40400    31718    42925    33822  

01/12/2017  27775    21424    30300    23457    32825    25504    35350    27565    37875    29641    40400    31731  

01/01/2018  25250    19417    27775    21436    30300    23469    32825    25516    35350    27577    37875    29653  

01/02/2018  22725    17410    25250    19414    27775    21433    30300    23466    32825    25513    35350    27574  

01/03/2018  20200    15415    22725    17406    25250    19410    27775    21429    30300    23461    32825    25508  

01/04/2018  17675    13433    20200    15410    22725    17400    25250    19405    27775    21423    30300    23456  

01/05/2018  15150    11477    17675    13440    20200    15416    22725    17407    25250    19411    27775    21430  

01/06/2018  12625     9533    15150    11482    17675    13445    20200    15422    22725    17413    25250    19417  

01/07/2018  10100     7602    12625     9538    15150    11487    17675    13450    20200    15427    22725    17417  

01/08/2018   7575     5683    10100     7605    12625     9541    15150    11490    17675    13453    20200    15430  

01/09/2018   5050     3776     7575     5685    10100     7607    12625     9543    15150    11492    17675    13455  

01/10/2018   2525     1882     5050     3777     7575     5686    10100     7609    12625     9544    15150    11494  

01/11/2018      0        0     2525     1882     5050     3777     7575     5686    10100     7609    12625     9544  

01/12/2018      0        0        0        0     2525     1882     5050     3777     7575     5686    10100     7609  

01/01/2019      0        0        0        0        0        0     2525     1882     5050     3777     7575     5686  

01/02/2019      0        0        0        0        0        0        0        0     2525     1882     5050     3777  

01/03/2019      0        0        0        0        0        0        0        0        0        0     2525     1882  


--------------------------------------------------  End of Report  ------------------------------------------------------
