


CL002B                                              ARMY GROUP INSURANCE FUND                                   Page No. 1 
                                  MATURITY AMOUNT PAYABLE TO MEMBERS OF ARMY GROUP INSURANCE SCHEME
                                                              OFF -- APSD
-------------------------------------------------------------------------------------------------------------------------
                                                   Date on Which Amount Calculated
            ----------------------------------------------------------------------------------------------------------
Date of        31/10/2018        30/11/2018        31/12/2018        31/01/2019        28/02/2019        31/03/2019
Joining     Contri-  Payable  Contri-  Payable  Contri-  Payable  Contri-  Payable  Contri-  Payable  Contri-  Payable
AGI Scheme  buted             buted             buted             buted             buted             buted
-------------------------------------------------------------------------------------------------------------------------
01/08/1979 681409  1662697   686599  1678187   691789  1693785   696979  1709493   702169  1725311   707359  1741240  

01/09/1979 681344  1660078   686534  1675549   691724  1691129   696914  1706819   702104  1722618   707294  1738528  

01/10/1979 681279  1657480   686469  1672933   691659  1688495   696849  1704165   702039  1719946   707229  1735837  

01/11/1979 681214  1654902   686404  1670338   691594  1685881   696784  1701534   701974  1717296   707164  1733169  

01/12/1979 681149  1652346   686339  1667764   691529  1683289   696719  1698923   701909  1714667   707099  1730521  

01/01/1980 681084  1649790   686274  1665189   691464  1680697   696654  1696313   701844  1712038   707034  1727874  

01/02/1980 681014  1647147   686204  1662528   691394  1678017   696584  1693614   701774  1709321   706964  1725137  

01/03/1980 680944  1644504   686134  1659866   691324  1675336   696514  1690915   701704  1706603   706894  1722400  

01/04/1980 680874  1641882   686064  1657226   691254  1672677   696444  1688237   701634  1703906   706824  1719685  

01/05/1980 680804  1639281   685994  1654607   691184  1670040   696374  1685581   701564  1701232   706754  1716992  

01/06/1980 680734  1636722   685924  1652030   691114  1667445   696304  1682968   701494  1698600   706684  1714342  

01/07/1980 680664  1634184   685854  1649474   691044  1664871   696234  1680376   701424  1695990   706614  1711713  

01/08/1980 680594  1631625   685784  1646897   690974  1662276   696164  1677763   701354  1693359   706544  1709063  

01/09/1980 680524  1629108   685714  1644363   690904  1659724   696094  1675193   701284  1690770   706474  1706457  

01/10/1980 680454  1626612   685644  1641849   690834  1657193   696024  1672644   701214  1688203   706404  1703872  

01/11/1980 680384  1624137   685574  1639357   690764  1654683   695954  1670116   701144  1685658   706334  1701309  

01/12/1980 680314  1621704   685504  1636907   690694  1652216   695884  1667632   701074  1683156   706264  1698790  

01/01/1981 680244  1619250   685434  1634435   690624  1649727   695814  1665126   701004  1680633   706194  1696248  

01/02/1981 680174  1616838   685364  1632007   690554  1647281   695744  1662663   700934  1678152   706124  1693751  

01/03/1981 680104  1614447   685294  1629599   690484  1644856   695674  1660221   700864  1675694   706054  1691275  

01/04/1981 680034  1612077   685224  1627212   690414  1642453   695604  1657801   700794  1673256   705984  1688820  

01/05/1981 679929  1608428   685119  1623537   690309  1638752   695499  1654074   700689  1669503   705879  1685041  

01/06/1981 679824  1604799   685014  1619883   690204  1635073   695394  1650369   700584  1665772   705774  1681284  

01/07/1981 679719  1601213   684909  1616272   690099  1631436   695289  1646706   700479  1662084   705669  1677569  




CL002B                                              ARMY GROUP INSURANCE FUND                                   Page No. 2 
                                  MATURITY AMOUNT PAYABLE TO MEMBERS OF ARMY GROUP INSURANCE SCHEME
                                                              OFF -- APSD
-------------------------------------------------------------------------------------------------------------------------
                                                   Date on Which Amount Calculated
            ----------------------------------------------------------------------------------------------------------
Date of        31/10/2018        30/11/2018        31/12/2018        31/01/2019        28/02/2019        31/03/2019
Joining     Contri-  Payable  Contri-  Payable  Contri-  Payable  Contri-  Payable  Contri-  Payable  Contri-  Payable
AGI Scheme  buted             buted             buted             buted             buted             buted
-------------------------------------------------------------------------------------------------------------------------
01/08/1981 679614  1597648   684804  1612681   689994  1627820   695184  1643065   700374  1658417   705564  1673877  

01/09/1981 679509  1594103   684699  1609112   689889  1624226   695079  1639446   700269  1654772   705459  1670207  

01/10/1981 679404  1590601   684594  1605585   689784  1620674   694974  1635869   700164  1651171   705354  1666580  

01/11/1981 679299  1587119   684489  1602079   689679  1617143   694869  1632314   700059  1647590   705249  1662974  

01/12/1981 679194  1583659   684384  1598594   689574  1613634   694764  1628780   699954  1644032   705144  1659391  

01/01/1982 679089  1580240   684279  1595152   689469  1610168   694659  1625289   699849  1640516   705039  1655851  

01/02/1982 678984  1576843   684174  1591730   689364  1606722   694554  1621820   699744  1637023   704934  1652332  

01/03/1982 678879  1573466   684069  1588330   689259  1603298   694449  1618371   699639  1633550   704829  1648836  

01/04/1982 678774  1570132   683964  1584972   689154  1599917   694344  1614966   699534  1630121   704724  1645383  

01/05/1982 678669  1566797   683859  1581614   689049  1596535   694239  1611561   699429  1626692   704619  1641930  

01/06/1982 678564  1563526   683754  1578320   688944  1593218   694134  1608220   699324  1623328   704514  1638542  

01/07/1982 678459  1560254   683649  1575026   688839  1589900   694029  1604880   699219  1619964   704409  1635154  

01/08/1982 678354  1557025   683544  1571773   688734  1586625   693924  1601582   699114  1616643   704304  1631810  

01/09/1982 678249  1553816   683439  1568542   688629  1583372   693819  1598305   699009  1613343   704199  1628487  

01/10/1982 678144  1550629   683334  1565333   688524  1580139   693714  1595050   698904  1610065   704094  1625186  

01/11/1982 678039  1547462   683229  1562144   688419  1576928   693609  1591817   698799  1606809   703989  1621907  

01/12/1982 677934  1544338   683124  1558997   688314  1573760   693504  1588626   698694  1603596   703884  1618671  

01/01/1983 677829  1541213   683019  1555851   688209  1570591   693399  1585435   698589  1600383   703779  1615436  

01/02/1983 677704  1537532   682894  1552144   688084  1566858   693274  1581676   698464  1596597   703654  1611623  

01/03/1983 677579  1533850   682769  1548436   687959  1563125   693149  1577916   698339  1592811   703529  1607811  

01/04/1983 677454  1530211   682644  1544771   687834  1559434   693024  1574199   698214  1589068   703404  1604042  

01/05/1983 677329  1526592   682519  1541127   687709  1555764   692899  1570504   698089  1585347   703279  1600294  

01/06/1983 677204  1523015   682394  1537525   687584  1552137   692774  1566851   697964  1581669   703154  1596590  

01/07/1983 677079  1519460   682269  1533945   687459  1548531   692649  1563220   697839  1578012   703029  1592908  




CL002B                                              ARMY GROUP INSURANCE FUND                                   Page No. 3 
                                  MATURITY AMOUNT PAYABLE TO MEMBERS OF ARMY GROUP INSURANCE SCHEME
                                                              OFF -- APSD
-------------------------------------------------------------------------------------------------------------------------
                                                   Date on Which Amount Calculated
            ----------------------------------------------------------------------------------------------------------
Date of        31/10/2018        30/11/2018        31/12/2018        31/01/2019        28/02/2019        31/03/2019
Joining     Contri-  Payable  Contri-  Payable  Contri-  Payable  Contri-  Payable  Contri-  Payable  Contri-  Payable
AGI Scheme  buted             buted             buted             buted             buted             buted
-------------------------------------------------------------------------------------------------------------------------
01/08/1983 676954  1515946   682144  1530406   687334  1544968   692524  1559632   697714  1574399   702904  1589270  

01/09/1983 676829  1512432   682019  1526868   687209  1541405   692399  1556044   697589  1570786   702779  1585631  

01/10/1983 676704  1508961   681894  1523372   687084  1537885   692274  1552499   697464  1567216   702654  1582036  

01/11/1983 676579  1505531   681769  1519918   686959  1534407   692149  1548997   697339  1563689   702529  1578484  

01/12/1983 676454  1502122   681644  1516486   686834  1530950   692024  1545516   697214  1560184   702404  1574954  

01/01/1984 676329  1498735   681519  1513075   686709  1527515   691899  1542056   697089  1556700   702279  1571446  

01/02/1984 676184  1494811   681374  1509123   686564  1523536   691754  1538050   696944  1552665   702134  1567383  

01/03/1984 676039  1490929   681229  1505214   686419  1519599   691609  1534085   696799  1548673   701989  1563363  

01/04/1984 675894  1487069   681084  1501326   686274  1515684   691464  1530143   696654  1544703   701844  1559365  

01/05/1984 675749  1483250   680939  1497481   686129  1511812   691319  1526243   696509  1540776   701699  1555410  

01/06/1984 675604  1479452   680794  1493656   685984  1507960   691174  1522365   696364  1536870   701554  1551478  

01/07/1984 675459  1475696   680649  1489874   685839  1504152   691029  1518530   696219  1533008   701409  1547588  

01/08/1984 675314  1471961   680504  1486113   685694  1500364   690884  1514716   696074  1529167   701264  1543721  

01/09/1984 675169  1468248   680359  1482373   685549  1496598   690739  1510923   695929  1525348   701119  1539875  

01/10/1984 675024  1464576   680214  1478676   685404  1492875   690594  1507174   695784  1521572   700974  1536072  

01/11/1984 674879  1460925   680069  1475000   685259  1489173   690449  1503445   695639  1517818   700829  1532292  

01/12/1984 674734  1457316   679924  1471365   685114  1485513   690304  1499760   695494  1514107   700684  1528555  

01/01/1985 674589  1453729   679779  1467753   684969  1481875   690159  1496096   695349  1510418   700539  1524839  

01/02/1985 674424  1449668   679614  1463663   684804  1477757   689994  1491949   695184  1506241   700374  1520634  

01/03/1985 674259  1445628   679449  1459595   684639  1473660   689829  1487824   695019  1502087   700209  1516450  

01/04/1985 674094  1441630   679284  1455569   684474  1469606   689664  1483741   694854  1497976   700044  1512310  

01/05/1985 673929  1437569   679119  1451479   684309  1465488   689499  1479594   694689  1493800   699879  1508105  

01/06/1985 673764  1433739   678954  1447623   684144  1461604   689334  1475683   694524  1489861   699714  1504139  

01/07/1985 673599  1429825   678789  1443681   683979  1457635   689169  1471686   694359  1485836   699549  1500085  




CL002B                                              ARMY GROUP INSURANCE FUND                                   Page No. 4 
                                  MATURITY AMOUNT PAYABLE TO MEMBERS OF ARMY GROUP INSURANCE SCHEME
                                                              OFF -- APSD
-------------------------------------------------------------------------------------------------------------------------
                                                   Date on Which Amount Calculated
            ----------------------------------------------------------------------------------------------------------
Date of        31/10/2018        30/11/2018        31/12/2018        31/01/2019        28/02/2019        31/03/2019
Joining     Contri-  Payable  Contri-  Payable  Contri-  Payable  Contri-  Payable  Contri-  Payable  Contri-  Payable
AGI Scheme  buted             buted             buted             buted             buted             buted
-------------------------------------------------------------------------------------------------------------------------
01/08/1985 673434  1425953   678624  1439782   683814  1453708   689004  1467732   694194  1481854   699384  1496076  

01/09/1985 673269  1422102   678459  1435904   683649  1449803   688839  1463800   694029  1477894   699219  1492088  

01/10/1985 673104  1418293   678294  1432069   683484  1445941   688674  1459910   693864  1473977   699054  1488143  

01/11/1985 672939  1414526   678129  1428275   683319  1442121   688509  1456063   693699  1470104   698889  1484242  

01/12/1985 672774  1410759   677964  1424482   683154  1438301   688344  1452216   693534  1466230   698724  1480342  

01/01/1986 672609  1407034   677799  1420731   682989  1434523   688179  1448413   693369  1462399   698559  1476484  

01/02/1986 672424  1402899   677614  1416567   682804  1430330   687994  1444190   693184  1458147   698374  1472202  

01/03/1986 672239  1398764   677429  1412403   682619  1426137   687809  1439967   692999  1453895   698189  1467920  

01/04/1986 672054  1394692   677244  1408302   682434  1422007   687624  1435809   692814  1449707   698004  1463703  

01/05/1986 671869  1390641   677059  1404222   682249  1417899   687439  1431672   692629  1445541   697819  1459508  

01/06/1986 671684  1386611   676874  1400164   682064  1413812   687254  1427556   692444  1441397   697634  1455334  

01/07/1986 671499  1382623   676689  1396148   681879  1409768   687069  1423484   692259  1437296   697449  1451204  

01/08/1986 671314  1378656   676504  1392153   681694  1405745   686884  1419433   692074  1433216   697264  1447096  

01/09/1986 671129  1374731   676319  1388201   681509  1401765   686699  1415424   691889  1429180   697079  1443031  

01/10/1986 670944  1370848   676134  1384290   681324  1397827   686514  1411459   691704  1425186   696894  1439010  

01/11/1986 670759  1366985   675949  1380401   681139  1393911   686329  1407515   691519  1421215   696709  1435011  

01/12/1986 670574  1363144   675764  1376533   680954  1390015   686144  1403593   691334  1417265   696524  1431033  

01/01/1987 670389  1359345   675579  1372707   680769  1386163   685959  1399713   691149  1413358   696339  1427099  

01/02/1987 670184  1355157   675374  1368490   680564  1381916   685754  1395436   690944  1409051   696134  1422762  

01/03/1987 669979  1350990   675169  1364293   680359  1377690   685549  1391180   690739  1404766   695929  1418446  

01/04/1987 669774  1346865   674964  1360139   680154  1373506   685344  1386968   690534  1400523   695724  1414174  

01/05/1987 669569  1342781   674759  1356027   679949  1369366   685139  1382798   690329  1396324   695519  1409946  

01/06/1987 669364  1338719   674554  1351936   679744  1365246   684934  1378650   690124  1392147   695314  1405739  

01/07/1987 669159  1334699   674349  1347888   679539  1361169   684729  1374544   689919  1388013   695109  1401576  




CL002B                                              ARMY GROUP INSURANCE FUND                                   Page No. 5 
                                  MATURITY AMOUNT PAYABLE TO MEMBERS OF ARMY GROUP INSURANCE SCHEME
                                                              OFF -- APSD
-------------------------------------------------------------------------------------------------------------------------
                                                   Date on Which Amount Calculated
            ----------------------------------------------------------------------------------------------------------
Date of        31/10/2018        30/11/2018        31/12/2018        31/01/2019        28/02/2019        31/03/2019
Joining     Contri-  Payable  Contri-  Payable  Contri-  Payable  Contri-  Payable  Contri-  Payable  Contri-  Payable
AGI Scheme  buted             buted             buted             buted             buted             buted
-------------------------------------------------------------------------------------------------------------------------
01/08/1987 668954  1330700   674144  1343861   679334  1357114   684524  1370460   689714  1383900   694904  1397434  

01/09/1987 668749  1326742   673939  1339876   679129  1353101   684319  1366419   689509  1379831   694699  1393336  

01/10/1987 668544  1322806   673734  1335912   678924  1349109   684114  1362399   689304  1375783   694494  1389260  

01/11/1987 668339  1318912   673529  1331990   678719  1345160   683909  1358423   689099  1371778   694289  1385227  

01/12/1987 668134  1315039   673324  1328090   678514  1341232   683704  1354467   688894  1367795   694084  1381216  

01/01/1988 667929  1311207   673119  1324232   678309  1337347   683499  1350555   688689  1363855   693879  1377249  

01/02/1988 667724  1307397   672914  1320395   678104  1333483   683294  1346664   688484  1359937   693674  1373303  

01/03/1988 667519  1303629   672709  1316600   677899  1329662   683089  1342816   688279  1356062   693469  1369401  

01/04/1988 667314  1299882   672504  1312826   677694  1325862   682884  1338989   688074  1352208   693264  1365520  

01/05/1988 667109  1296197   672299  1309116   677489  1322126   682679  1335227   687869  1348420   693059  1361705  

01/06/1988 666904  1292534   672094  1305427   677284  1318411   682474  1331486   687664  1344652   692854  1357911  

01/07/1988 666699  1288892   671889  1301760   677079  1314718   682269  1327767   687459  1340907   692649  1354140  

01/08/1988 666494  1285292   671684  1298134   676874  1311067   682064  1324090   687254  1337205   692444  1350411  

01/09/1988 666289  1281733   671479  1294551   676669  1307458   681859  1320456   687049  1333545   692239  1346726  

01/10/1988 666084  1278217   671274  1291010   676464  1303893   681654  1316866   686844  1329930   692034  1343085  

01/11/1988 665879  1274722   671069  1287490   676259  1300348   681449  1313296   686639  1326335   691829  1339466  

01/12/1988 665674  1271248   670864  1283992   676054  1296825   681244  1309748   686434  1322762   691624  1335868  

01/01/1989 665469  1267815   670659  1280535   675849  1293344   681039  1306243   686229  1319233   691419  1332313  

01/02/1989 665264  1264425   670454  1277121   675644  1289906   680834  1302781   686024  1315746   691214  1328803  

01/03/1989 665059  1261056   670249  1273728   675439  1286490   680629  1299341   685819  1312282   691009  1325313  

01/04/1989 664854  1257729   670044  1270378   675234  1283116   680424  1295943   685614  1308860   690804  1321868  

01/05/1989 664570  1253586   669760  1266206   674950  1278914   680140  1291712   685330  1304600   690520  1317578  

01/06/1989 664286  1249482   669476  1262073   674666  1274753   679856  1287521   685046  1300379   690236  1313328  

01/07/1989 664002  1245416   669192  1257979   674382  1270630   679572  1283370   684762  1296199   689952  1309118  




CL002B                                              ARMY GROUP INSURANCE FUND                                   Page No. 6 
                                  MATURITY AMOUNT PAYABLE TO MEMBERS OF ARMY GROUP INSURANCE SCHEME
                                                              OFF -- APSD
-------------------------------------------------------------------------------------------------------------------------
                                                   Date on Which Amount Calculated
            ----------------------------------------------------------------------------------------------------------
Date of        31/10/2018        30/11/2018        31/12/2018        31/01/2019        28/02/2019        31/03/2019
Joining     Contri-  Payable  Contri-  Payable  Contri-  Payable  Contri-  Payable  Contri-  Payable  Contri-  Payable
AGI Scheme  buted             buted             buted             buted             buted             buted
-------------------------------------------------------------------------------------------------------------------------
01/08/1989 663718  1241389   668908  1253924   674098  1266546   679288  1279257   684478  1292057   689668  1304947  

01/09/1989 663434  1237400   668624  1249906   673814  1262501   679004  1275183   684194  1287955   689384  1300816  

01/10/1989 663150  1233448   668340  1245927   673530  1258493   678720  1271147   683910  1283891   689100  1296723  

01/11/1989 662866  1229533   668056  1241984   673246  1254523   678436  1267149   683626  1279865   688816  1292669  

01/12/1989 662582  1225655   667772  1238079   672962  1250590   678152  1263189   683342  1275876   688532  1288653  

01/01/1990 662298  1221813   667488  1234210   672678  1246694   677868  1259266   683058  1271926   688248  1284674  

01/02/1990 662014  1218007   667204  1230377   672394  1242834   677584  1255379   682774  1268012   687964  1280733  

01/03/1990 661730  1214236   666920  1226580   672110  1239011   677300  1251529   682490  1264134   687680  1276829  

01/04/1990 661446  1210501   666636  1222819   671826  1235223   677016  1247715   682206  1260293   687396  1272961  

01/05/1990 661162  1206801   666352  1219093   671542  1231471   676732  1243936   681922  1256488   687112  1269129  

01/06/1990 660878  1203136   666068  1215402   671258  1227754   676448  1240193   681638  1252719   686828  1265333  

01/07/1990 660594  1199504   665784  1211745   670974  1224072   676164  1236485   681354  1248985   686544  1261573  

01/08/1990 660310  1195907   665500  1208122   670690  1220424   675880  1232811   681070  1245285   686260  1257847  

01/09/1990 660026  1192343   665216  1204534   670406  1216810   675596  1229172   680786  1241621   685976  1254157  

01/10/1990 659742  1188813   664932  1200978   670122  1213229   675312  1225566   680502  1237990   685692  1250501  

01/11/1990 659458  1185315   664648  1197456   669838  1209683   675028  1221995   680218  1234393   685408  1246879  

01/12/1990 659174  1181850   664364  1193967   669554  1206169   674744  1218456   679934  1230830   685124  1243290  

01/01/1991 658890  1178417   664080  1190510   669270  1202688   674460  1214951   679650  1227300   684840  1239736  

01/02/1991 658606  1175017   663796  1187086   668986  1199239   674176  1211478   679366  1223803   684556  1236214  

01/03/1991 658322  1171648   663512  1183693   668702  1195823   673892  1208038   679082  1220338   684272  1232725  

01/04/1991 658038  1168310   663228  1180332   668418  1192438   673608  1204629   678798  1216906   683988  1229269  

01/05/1991 657754  1165019   662944  1177018   668134  1189101   673324  1201269   678514  1213522   683704  1225861  

01/06/1991 657470  1161759   662660  1173735   667850  1185795   673040  1197939   678230  1210169   683420  1222484  

01/07/1991 657186  1158529   662376  1170482   667566  1182519   672756  1194641   677946  1206847   683136  1219140  




CL002B                                              ARMY GROUP INSURANCE FUND                                   Page No. 7 
                                  MATURITY AMOUNT PAYABLE TO MEMBERS OF ARMY GROUP INSURANCE SCHEME
                                                              OFF -- APSD
-------------------------------------------------------------------------------------------------------------------------
                                                   Date on Which Amount Calculated
            ----------------------------------------------------------------------------------------------------------
Date of        31/10/2018        30/11/2018        31/12/2018        31/01/2019        28/02/2019        31/03/2019
Joining     Contri-  Payable  Contri-  Payable  Contri-  Payable  Contri-  Payable  Contri-  Payable  Contri-  Payable
AGI Scheme  buted             buted             buted             buted             buted             buted
-------------------------------------------------------------------------------------------------------------------------
01/08/1991 656902  1155329   662092  1167259   667282  1179274   672472  1191373   677662  1203557   682852  1215826  

01/09/1991 656618  1152158   661808  1164067   666998  1176059   672188  1188135   677378  1200296   682568  1212543  

01/10/1991 656334  1149017   661524  1160904   666714  1172874   671904  1184928   677094  1197066   682284  1209290  

01/11/1991 656050  1145906   661240  1157770   666430  1169718   671620  1181750   676810  1193866   682000  1206067  

01/12/1991 655766  1142823   660956  1154666   666146  1166592   671336  1178602   676526  1190696   681716  1202875  

01/01/1992 655482  1139768   660672  1151590   665862  1163495   671052  1175483   676242  1187555   681432  1199712  

01/02/1992 655198  1136742   660388  1148543   665578  1160426   670768  1172392   675958  1184443   681148  1196578  

01/03/1992 654914  1133744   660104  1145524   665294  1157386   670484  1169331   675674  1181360   680864  1193473  

01/04/1992 654630  1130774   659820  1142532   665010  1154373   670200  1166298   675390  1178305   680580  1190397  

01/05/1992 654346  1127858   659536  1139596   664726  1151417   669916  1163320   675106  1175307   680296  1187378  

01/06/1992 654062  1124969   659252  1136687   664442  1148487   669632  1160370   674822  1172336   680012  1184386  

01/07/1992 653778  1122107   658968  1133805   664158  1145585   669348  1157447   674538  1169393   679728  1181423  

01/08/1992 653494  1119271   658684  1130949   663874  1142709   669064  1154552   674254  1166477   679444  1178486  

01/09/1992 653210  1116463   658400  1128121   663590  1139861   668780  1151683   673970  1163589   679160  1175577  

01/10/1992 652926  1113681   658116  1125320   663306  1137040   668496  1148843   673686  1160728   678876  1172697  

01/11/1992 652642  1110926   657832  1122545   663022  1134246   668212  1146029   673402  1157895   678592  1169844  

01/12/1992 652358  1108197   657548  1119797   662738  1131479   667928  1143243   673118  1155089   678308  1167018  

01/01/1993 652074  1105494   657264  1117076   662454  1128738   667644  1140483   672834  1152309   678024  1164219  

01/02/1993 651790  1102817   656980  1114380   662170  1126024   667360  1137749   672550  1149556   677740  1161447  

01/03/1993 651506  1100166   656696  1111710   661886  1123335   667076  1135041   672266  1146830   677456  1158701  

01/04/1993 651222  1097540   656412  1109065   661602  1120672   666792  1132359   671982  1144129   677172  1155981  

01/05/1993 650938  1094963   656128  1106470   661318  1118058   666508  1129728   671698  1141479   676888  1153313  

01/06/1993 650654  1092410   655844  1103900   661034  1115470   666224  1127121   671414  1138854   676604  1150669  

01/07/1993 650370  1089882   655560  1101354   660750  1112906   665940  1124539   671130  1136254   676320  1148051  




CL002B                                              ARMY GROUP INSURANCE FUND                                   Page No. 8 
                                  MATURITY AMOUNT PAYABLE TO MEMBERS OF ARMY GROUP INSURANCE SCHEME
                                                              OFF -- APSD
-------------------------------------------------------------------------------------------------------------------------
                                                   Date on Which Amount Calculated
            ----------------------------------------------------------------------------------------------------------
Date of        31/10/2018        30/11/2018        31/12/2018        31/01/2019        28/02/2019        31/03/2019
Joining     Contri-  Payable  Contri-  Payable  Contri-  Payable  Contri-  Payable  Contri-  Payable  Contri-  Payable
AGI Scheme  buted             buted             buted             buted             buted             buted
-------------------------------------------------------------------------------------------------------------------------
01/08/1993 650086  1087378   655276  1098832   660466  1110366   665656  1121982   670846  1133679   676036  1145458  

01/09/1993 649802  1084897   654992  1096334   660182  1107851   665372  1119449   670562  1131128   675752  1142889  

01/10/1993 649518  1082440   654708  1093860   659898  1105360   665088  1116940   670278  1128601   675468  1140345  

01/11/1993 649234  1080007   654424  1091409   659614  1102892   664804  1114455   669994  1126099   675184  1137825  

01/12/1993 648950  1077596   654140  1088982   659330  1100447   664520  1111993   669710  1123620   674900  1135328  

01/01/1994 648666  1075208   653856  1086577   659046  1098026   664236  1109555   669426  1121164   674616  1132856  

01/02/1994 648382  1072843   653572  1084195   658762  1095627   663952  1107139   669142  1118732   674332  1130406  

01/03/1994 648098  1070500   653288  1081836   658478  1093251   663668  1104747   668858  1116323   674048  1127980  

01/04/1994 647814  1068180   653004  1079499   658194  1090898   663384  1102377   668574  1113936   673764  1125577  

01/05/1994 647530  1065869   652720  1077173   657910  1088555   663100  1100018   668290  1111560   673480  1123184  

01/06/1994 647246  1063581   652436  1074868   657626  1086234   662816  1097680   668006  1109207   673196  1120814  

01/07/1994 646962  1061314   652152  1072585   657342  1083935   662532  1095365   667722  1106876   672912  1118467  

01/08/1994 646678  1059068   651868  1070324   657058  1081658   662248  1093072   667438  1104566   672628  1116141  

01/09/1994 646394  1056843   651584  1068083   656774  1079402   661964  1090800   667154  1102279   672344  1113837  

01/10/1994 646110  1054640   651300  1065864   656490  1077168   661680  1088550   666870  1100013   672060  1111555  

01/11/1994 645826  1052457   651016  1063666   656206  1074954   661396  1086321   666586  1097768   671776  1109295  

01/12/1994 645542  1050295   650732  1061489   655922  1072761   661112  1084113   666302  1095544   671492  1107056  

01/01/1995 645258  1048153   650448  1059332   655638  1070589   660828  1081926   666018  1093341   671208  1104838  

01/02/1995 644974  1046031   650164  1057195   655354  1068437   660544  1079759   665734  1091159   670924  1102640  

01/03/1995 644690  1043929   649880  1055078   655070  1066306   660260  1077612   665450  1088998   670640  1100463  

01/04/1995 644406  1041846   649596  1052981   654786  1064194   659976  1075486   665166  1086856   670356  1098307  

01/05/1995 644122  1039802   649312  1050923   654502  1062121   659692  1073398   664882  1084754   670072  1096190  

01/06/1995 643838  1037777   649028  1048884   654218  1060068   659408  1071331   664598  1082672   669788  1094093  

01/07/1995 643554  1035771   648744  1046864   653934  1058034   659124  1069282   664314  1080609   669504  1092016  




CL002B                                              ARMY GROUP INSURANCE FUND                                   Page No. 9 
                                  MATURITY AMOUNT PAYABLE TO MEMBERS OF ARMY GROUP INSURANCE SCHEME
                                                              OFF -- APSD
-------------------------------------------------------------------------------------------------------------------------
                                                   Date on Which Amount Calculated
            ----------------------------------------------------------------------------------------------------------
Date of        31/10/2018        30/11/2018        31/12/2018        31/01/2019        28/02/2019        31/03/2019
Joining     Contri-  Payable  Contri-  Payable  Contri-  Payable  Contri-  Payable  Contri-  Payable  Contri-  Payable
AGI Scheme  buted             buted             buted             buted             buted             buted
-------------------------------------------------------------------------------------------------------------------------
01/08/1995 643270  1033784   648460  1044862   653650  1056018   658840  1067253   664030  1078566   669220  1089958  

01/09/1995 642986  1031816   648176  1042880   653366  1054022   658556  1065242   663746  1076541   668936  1087919  

01/10/1995 642702  1029865   647892  1040916   653082  1052044   658272  1063251   663462  1074535   668652  1085900  

01/11/1995 642418  1027933   647608  1038970   652798  1050085   657988  1061277   663178  1072548   668368  1083899  

01/12/1995 642134  1026019   647324  1037042   652514  1048144   657704  1059323   662894  1070580   668084  1081916  

01/01/1996 641850  1024122   647040  1035133   652230  1046220   657420  1057386   662610  1068630   667800  1079952  

01/02/1996 641566  1022243   646756  1033241   651946  1044315   657136  1055467   662326  1066698   667516  1078007  

01/03/1996 641282  1020382   646472  1031366   651662  1042428   656852  1053566   662042  1064783   667232  1076079  

01/04/1996 640998  1018538   646188  1029509   651378  1040557   656568  1051683   661758  1062887   666948  1074169  

01/05/1996 640714  1016735   645904  1027694   651094  1038730   656284  1049843   661474  1061034   666664  1072303  

01/06/1996 640430  1014950   645620  1025896   650810  1036919   656000  1048019   661190  1059197   666380  1070454  

01/07/1996 640146  1013180   645336  1024114   650526  1035125   655716  1046212   660906  1057378   666096  1068621  

01/08/1996 639862  1011428   645052  1022349   650242  1033347   655432  1044422   660622  1055575   665812  1066806  

01/09/1996 639578  1009691   644768  1020600   649958  1031586   655148  1042649   660338  1053789   665528  1065008  

01/10/1996 639294  1007970   644484  1018867   649674  1029841   654864  1040891   660054  1052019   665244  1063226  

01/11/1996 639010  1006265   644200  1017150   649390  1028112   654580  1039150   659770  1050266   664960  1061460  

01/12/1996 638726  1004576   643916  1015449   649106  1026399   654296  1037425   659486  1048529   664676  1059711  

01/01/1997 638442  1002902   643632  1013764   648822  1024701   654012  1035716   659202  1046808   664392  1057977  

01/02/1997 638158  1001244   643348  1012094   648538  1023020   653728  1034022   658918  1045102   664108  1056260  

01/03/1997 637874   999600   643064  1010439   648254  1021353   653444  1032344   658634  1043413   663824  1054558  

01/04/1997 637590   997972   642780  1008799   647970  1019702   653160  1030682   658350  1041738   663540  1052872  

01/05/1997 637306   996380   642496  1007196   647686  1018088   652876  1029056   658066  1040101   663256  1051224  

01/06/1997 637022   994803   642212  1005608   647402  1016489   652592  1027446   657782  1038479   662972  1049591  

01/07/1997 636738   993240   641928  1004034   647118  1014904   652308  1025850   657498  1036872   662688  1047972  




CL002B                                              ARMY GROUP INSURANCE FUND                                   Page No. 10 
                                  MATURITY AMOUNT PAYABLE TO MEMBERS OF ARMY GROUP INSURANCE SCHEME
                                                              OFF -- APSD
-------------------------------------------------------------------------------------------------------------------------
                                                   Date on Which Amount Calculated
            ----------------------------------------------------------------------------------------------------------
Date of        31/10/2018        30/11/2018        31/12/2018        31/01/2019        28/02/2019        31/03/2019
Joining     Contri-  Payable  Contri-  Payable  Contri-  Payable  Contri-  Payable  Contri-  Payable  Contri-  Payable
AGI Scheme  buted             buted             buted             buted             buted             buted
-------------------------------------------------------------------------------------------------------------------------
01/08/1997 636454   991692   641644  1002475   646834  1013333   652024  1024268   657214  1035280   662404  1046368  

01/09/1997 636170   990157   641360  1000929   646550  1011777   651740  1022701   656930  1033702   662120  1044779  

01/10/1997 635545   986713   640735   997461   645925  1008284   651115  1019184   656305  1030159   661495  1041212  

01/11/1997 634920   983299   640110   994024   645300  1004823   650490  1015698   655680  1026649   660870  1037678  

01/12/1997 634295   979917   639485   990618   644675  1001393   649865  1012244   655055  1023171   660245  1034175  

01/01/1998 633670   976566   638860   987243   644050   997995   649240  1008822   654430  1019725   659620  1030705  

01/02/1998 633045   973245   638235   983899   643425   994627   648615  1005431   653805  1016310   658995  1027266  

01/03/1998 632420   969954   637610   980585   642800   991290   647990  1002070   653180  1012926   658370  1023858  

01/04/1998 631795   966693   636985   977301   642175   987983   647365   998740   652555  1009572   657745  1020481  

01/05/1998 631170   963490   636360   974076   641550   984735   646740   995469   651930  1006279   657120  1017164  

01/06/1998 630545   960316   635735   970879   640925   981516   646115   992228   651305  1003015   656495  1013877  

01/07/1998 629920   957171   635110   967712   640300   978327   645490   989016   650680   999780   655870  1010620  

01/08/1998 629295   954054   634485   964573   639675   975166   644865   985833   650055   996575   655245  1007392  

01/09/1998 628670   950965   633860   961462   639050   972033   644240   982678   649430   993398   654620  1004193  

01/10/1998 628045   947904   633235   958380   638425   968929   643615   979552   648805   990250   653995  1001023  

01/11/1998 627420   944870   632610   955325   637800   965852   642990   976454   648180   987130   653370   997881  

01/12/1998 626795   941863   631985   952297   637175   962804   642365   973384   647555   984038   652745   994768  

01/01/1999 626170   938884   631360   949296   636550   959782   641740   970341   646930   980974   652120   991682  

01/02/1999 625545   935931   630735   946323   635925   956787   641115   967326   646305   977938   651495   988624  

01/03/1999 624920   933004   630110   943376   635300   953820   640490   964337   645680   974928   650870   985594  

01/04/1999 624295   930104   629485   940455   634675   950878   639865   961375   645055   971946   650245   982590  

01/05/1999 623670   927265   628860   937596   634050   948000   639240   958477   644430   969027   649620   979651  

01/06/1999 623045   924452   628235   934764   633425   945147   638615   955604   643805   966134   648995   976738  

01/07/1999 622420   921665   627610   931957   632800   942321   637990   952757   643180   963267   648370   973851  




CL002B                                              ARMY GROUP INSURANCE FUND                                   Page No. 11 
                                  MATURITY AMOUNT PAYABLE TO MEMBERS OF ARMY GROUP INSURANCE SCHEME
                                                              OFF -- APSD
-------------------------------------------------------------------------------------------------------------------------
                                                   Date on Which Amount Calculated
            ----------------------------------------------------------------------------------------------------------
Date of        31/10/2018        30/11/2018        31/12/2018        31/01/2019        28/02/2019        31/03/2019
Joining     Contri-  Payable  Contri-  Payable  Contri-  Payable  Contri-  Payable  Contri-  Payable  Contri-  Payable
AGI Scheme  buted             buted             buted             buted             buted             buted
-------------------------------------------------------------------------------------------------------------------------
01/08/1999 621795   918902   626985   929175   632175   939519   637365   949936   642555   960426   647745   970990  

01/09/1999 621170   916165   626360   926418   631550   936743   636740   947141   641930   957611   647120   968155  

01/10/1999 620545   913452   625735   923686   630925   933992   636115   944370   641305   954821   646495   965345  

01/11/1999 619920   910763   625110   920978   630300   931265   635490   941624   640680   952056   645870   962561  

01/12/1999 619295   908098   624485   918295   629675   928563   634865   938903   640055   949316   645245   959801  

01/01/2000 618670   905457   623860   915635   629050   925885   634240   936206   639430   946600   644620   957067  

01/02/2000 618045   902840   623235   913000   628425   923231   633615   933533   638805   943909   643995   954356  

01/03/2000 617420   900246   622610   910388   627800   920600   632990   930885   638180   941241   643370   951670  

01/04/2000 616795   897675   621985   907799   627175   917993   632365   928259   637555   938597   642745   949008  

01/05/2000 616170   895159   621360   905265   626550   915442   631740   925690   636930   936010   642120   946402  

01/06/2000 615545   892666   620735   902754   625925   912913   631115   923144   636305   933446   641495   943820  

01/07/2000 614920   890195   620110   900266   625300   910408   630490   920620   635680   930905   640870   941262  

01/08/2000 614295   887746   619485   897800   624675   907924   629865   918120   635055   928387   640245   938726  

01/09/2000 613670   885319   618860   895356   624050   905463   629240   915642   634430   925891   639620   936213  

01/10/2000 613045   882914   618235   892934   623425   903025   628615   913186   633805   923418   638995   933722  

01/11/2000 612420   880531   617610   890534   622800   900608   627990   910752   633180   920967   638370   931254  

01/12/2000 611795   878169   616985   888155   622175   898212   627365   908339   632555   918538   637745   928807  

01/01/2001 611170   875828   616360   885798   621550   895838   626740   905949   631930   916130   637120   926383  

01/02/2001 610545   873507   615735   883461   620925   893485   626115   903579   631305   913744   636495   923980  

01/03/2001 609920   871208   615110   881146   620300   891153   625490   901231   630680   911379   635870   921599  

01/04/2001 609295   868929   614485   878851   619675   888842   624865   898904   630055   909036   635245   919239  

01/05/2001 608670   866680   613860   876586   619050   886562   624240   896607   629430   906723   634620   916910  

01/06/2001 608045   864451   613235   874341   618425   884301   623615   894330   628805   904430   633995   914601  

01/07/2001 607420   862239   612610   872114   617800   882059   622990   892072   628180   902157   633370   912312  




CL002B                                              ARMY GROUP INSURANCE FUND                                   Page No. 12 
                                  MATURITY AMOUNT PAYABLE TO MEMBERS OF ARMY GROUP INSURANCE SCHEME
                                                              OFF -- APSD
-------------------------------------------------------------------------------------------------------------------------
                                                   Date on Which Amount Calculated
            ----------------------------------------------------------------------------------------------------------
Date of        31/10/2018        30/11/2018        31/12/2018        31/01/2019        28/02/2019        31/03/2019
Joining     Contri-  Payable  Contri-  Payable  Contri-  Payable  Contri-  Payable  Contri-  Payable  Contri-  Payable
AGI Scheme  buted             buted             buted             buted             buted             buted
-------------------------------------------------------------------------------------------------------------------------
01/08/2001 606795   860047   611985   869906   617175   879835   622365   889833   627555   899902   632745   910041  

01/09/2001 606170   857872   611360   867717   616550   877630   621740   887613   626930   897666   632120   907789  

01/10/2001 605545   855716   610735   865545   615925   875443   621115   885411   626305   895448   631495   905556  

01/11/2001 604920   853577   610110   863391   615300   873274   620490   883227   625680   893249   630870   903341  

01/12/2001 604295   851457   609485   861256   614675   871124   619865   881061   625055   891068   630245   901145  

01/01/2002 603670   849353   608860   859138   614050   868991   619240   878913   624430   888905   629620   898967  

01/02/2002 603045   847268   608235   857037   613425   866876   618615   876783   623805   886760   628995   896807  

01/03/2002 602420   845199   607610   854954   612800   864778   617990   874671   623180   884633   628370   894665  

01/04/2002 601795   843147   606985   852888   612175   862698   617365   872576   622555   882523   627745   892541  

01/05/2002 601170   841138   606360   850865   611550   860660   616740   870524   621930   880457   627120   890460  

01/06/2002 600545   839144   605735   848857   610925   858638   616115   868488   621305   878406   626495   888395  

01/07/2002 599920   837165   605110   846864   610300   856632   615490   866467   620680   876372   625870   886346  

01/08/2002 599295   835202   604485   844887   609675   854640   614865   864462   620055   874353   625245   884312  

01/09/2002 598670   833253   603860   842925   609050   852664   614240   862472   619430   872349   624620   882295  

01/10/2002 598045   831319   603235   840977   608425   850702   613615   860496   618805   870359   623995   880291  

01/11/2002 597420   829397   602610   839042   607800   848754   612990   858534   618180   868383   623370   878301  

01/12/2002 596795   827489   601985   837120   607175   846819   612365   856586   617555   866421   622745   876326  

01/01/2003 596170   825595   601360   835213   606550   844898   611740   854651   616930   864473   622120   874363  

01/02/2003 595545   823713   600735   833318   605925   842990   611115   852730   616305   862538   621495   872415  

01/03/2003 594920   821845   600110   831436   605300   841095   610490   850822   615680   860617   620870   870480  

01/04/2003 594295   819989   599485   829568   604675   839214   609865   848927   615055   858709   620245   868559  

01/05/2003 593670   818147   598860   827713   604050   837345   609240   847046   614430   856814   619620   866651  

01/06/2003 593045   816317   598235   825870   603425   835490   608615   845177   613805   854932   618995   864756  

01/07/2003 592420   814500   597610   824040   602800   833647   607990   843322   613180   853064   618370   862874  




CL002B                                              ARMY GROUP INSURANCE FUND                                   Page No. 13 
                                  MATURITY AMOUNT PAYABLE TO MEMBERS OF ARMY GROUP INSURANCE SCHEME
                                                              OFF -- APSD
-------------------------------------------------------------------------------------------------------------------------
                                                   Date on Which Amount Calculated
            ----------------------------------------------------------------------------------------------------------
Date of        31/10/2018        30/11/2018        31/12/2018        31/01/2019        28/02/2019        31/03/2019
Joining     Contri-  Payable  Contri-  Payable  Contri-  Payable  Contri-  Payable  Contri-  Payable  Contri-  Payable
AGI Scheme  buted             buted             buted             buted             buted             buted
-------------------------------------------------------------------------------------------------------------------------
01/08/2003 591795   812696   596985   822223   602175   831817   607365   841479   612555   851208   617745   861006  

01/09/2003 591170   810926   596360   820441   601550   830023   606740   839672   611930   849388   617120   859173  

01/10/2003 590145   807868   595335   817362   600525   826922   605715   836549   610905   846244   616095   856007  

01/11/2003 589120   804830   594310   814302   599500   823841   604690   833446   609880   843119   615070   852860  

01/12/2003 588095   801811   593285   811262   598475   820779   603665   830364   608855   840015   614045   849734  

01/01/2004 587070   798811   592260   808241   597450   817738   602640   827300   607830   836930   613020   846628  

01/02/2004 586045   795831   591235   805240   596425   814715   601615   824256   606805   833865   611995   843541  

01/03/2004 585020   792869   590210   802257   595400   811711   600590   821232   605780   830819   610970   840474  

01/04/2004 583995   789926   589185   799294   594375   808727   599565   818227   604755   827793   609945   837426  

01/05/2004 582970   787036   588160   796383   593350   805796   598540   815275   603730   824821   608920   834433  

01/06/2004 581945   784163   587135   793490   592325   802882   597515   812341   602705   821866   607895   831458  

01/07/2004 580920   781306   586110   790613   591300   799985   596490   809423   601680   818928   606870   828499  

01/08/2004 579895   778465   585085   787752   590275   797105   595465   806523   600655   816007   605845   825557  

01/09/2004 578870   775640   584060   784908   589250   794240   594440   803638   599630   813102   604820   822632  

01/10/2004 577845   772832   583035   782080   588225   791392   593415   800770   598605   810214   603795   819724  

01/11/2004 576820   770040   582010   779268   587200   788561   592390   797919   597580   807343   602770   816832  

01/12/2004 575795   767263   580985   776472   586175   785745   591365   795084   596555   804488   601745   813957  

01/01/2005 574770   764503   579960   773692   585150   782946   590340   792265   595530   801649   600720   811099  

01/02/2005 573230   760385   578420   769545   583610   778770   588800   788059   593990   797414   599180   806834  

01/03/2005 571690   756290   576880   765422   582070   774618   587260   783878   592450   793203   597640   802594  

01/04/2005 570150   752219   575340   761322   580530   770489   585720   779720   590910   789016   596100   798378  

01/05/2005 568610   748218   573800   757293   578990   766432   584180   775635   589370   784902   594560   794235  

01/06/2005 567070   744241   572260   753288   577450   762399   582640   771573   587830   780812   593020   790116  

01/07/2005 565530   740286   570720   749305   575910   758388   581100   767535   586290   776745   591480   786020  




CL002B                                              ARMY GROUP INSURANCE FUND                                   Page No. 14 
                                  MATURITY AMOUNT PAYABLE TO MEMBERS OF ARMY GROUP INSURANCE SCHEME
                                                              OFF -- APSD
-------------------------------------------------------------------------------------------------------------------------
                                                   Date on Which Amount Calculated
            ----------------------------------------------------------------------------------------------------------
Date of        31/10/2018        30/11/2018        31/12/2018        31/01/2019        28/02/2019        31/03/2019
Joining     Contri-  Payable  Contri-  Payable  Contri-  Payable  Contri-  Payable  Contri-  Payable  Contri-  Payable
AGI Scheme  buted             buted             buted             buted             buted             buted
-------------------------------------------------------------------------------------------------------------------------
01/08/2005 563990   736354   569180   745346   574370   754401   579560   763519   584750   772702   589940   781949  

01/09/2005 562450   732444   567640   741409   572830   750436   578020   759527   583210   768681   588400   777900  

01/10/2005 560910   728557   566100   737494   571290   746494   576480   755557   581670   764684   586860   773875  

01/11/2005 559370   724692   564560   733603   569750   742575   574940   751611   580130   760710   585320   769872  

01/12/2005 557830   720850   563020   729733   568210   738678   573400   747686   578590   756758   583780   765893  

01/01/2006 556290   717029   561480   725885   566670   734804   571860   743785   577050   752829   582240   761936  

01/02/2006 554750   713230   559940   722060   565130   730951   570320   739905   575510   748922   580700   758002  

01/03/2006 553210   709453   558400   718256   563590   727121   568780   736048   573970   745038   579160   754091  

01/04/2006 551670   705697   556860   714474   562050   723312   567240   732213   572430   741176   577620   750201  

01/05/2006 550130   702007   555320   710758   560510   719570   565700   728444   570890   737381   576080   746380  

01/06/2006 548590   698338   553780   707063   558970   715850   564160   724698   569350   733608   574540   742581  

01/07/2006 547050   694690   552240   703390   557430   712151   562620   720973   567810   729857   573000   738803  

01/08/2006 545510   691064   550700   699738   555890   708473   561080   717269   566270   726127   571460   735047  

01/09/2006 543970   687458   549160   696107   554350   704816   559540   713587   564730   722419   569920   731313  

01/10/2006 542430   683873   547620   692496   552810   701181   558000   709926   563190   718732   568380   727601  

01/11/2006 540890   680308   546080   688907   551270   697566   556460   706286   561650   715067   566840   723909  

01/12/2006 539350   676764   544540   685338   549730   693972   554920   702667   560110   711422   565300   720239  

01/01/2007 537810   673240   543000   681790   548190   690399   553380   699068   558570   707799   563760   716590  

01/02/2007 536270   669737   541460   678262   546650   686846   551840   695491   557030   704196   562220   712962  

01/03/2007 534730   666254   539920   674754   545110   683313   550300   691933   555490   700614   560680   709355  

01/04/2007 533190   662790   538380   671266   543570   679801   548760   688396   553950   697052   559140   705768  

01/05/2007 531650   659387   536840   667839   542030   676351   547220   684922   552410   693553   557600   702244  

01/06/2007 530110   656005   535300   664434   540490   672921   545680   681468   550870   690075   556060   698742  

01/07/2007 528570   652644   533760   661049   538950   669513   544140   678036   549330   686619   554520   695262  




CL002B                                              ARMY GROUP INSURANCE FUND                                   Page No. 15 
                                  MATURITY AMOUNT PAYABLE TO MEMBERS OF ARMY GROUP INSURANCE SCHEME
                                                              OFF -- APSD
-------------------------------------------------------------------------------------------------------------------------
                                                   Date on Which Amount Calculated
            ----------------------------------------------------------------------------------------------------------
Date of        31/10/2018        30/11/2018        31/12/2018        31/01/2019        28/02/2019        31/03/2019
Joining     Contri-  Payable  Contri-  Payable  Contri-  Payable  Contri-  Payable  Contri-  Payable  Contri-  Payable
AGI Scheme  buted             buted             buted             buted             buted             buted
-------------------------------------------------------------------------------------------------------------------------
01/08/2007 527030   649304   532220   657685   537410   666125   542600   674624   547790   683183   552980   691802  

01/09/2007 525490   645984   530680   654342   535870   662758   541060   671234   546250   679769   551440   688364  

01/10/2007 523950   642684   529140   651019   534330   659412   539520   667864   544710   676376   549900   684947  

01/11/2007 522410   639404   527600   647716   532790   656086   537980   664515   543170   673003   548360   681551  

01/12/2007 520870   636145   526060   644434   531250   652781   536440   661187   541630   669651   546820   678175  

01/01/2008 519330   632905   524520   641172   529710   649496   534900   657878   540090   666320   545280   674820  

01/02/2008 517790   629685   522980   637929   528170   646231   533360   654590   538550   663009   543740   671486  

01/03/2008 516250   626485   521440   634706   526630   642985   531820   651322   537010   659718   542200   668172  

01/04/2008 514710   623305   519900   631503   525090   639760   530280   648074   535470   656447   540660   664878  

01/05/2008 513170   620200   518360   628377   523550   636611   528740   644904   533930   653254   539120   661663  

01/06/2008 511630   617115   516820   625271   522010   633483   527200   641754   532390   650082   537580   658469  

01/07/2008 510090   614051   515280   622185   520470   630376   525660   638624   530850   646931   536040   655295  

01/08/2008 508550   611007   513740   619119   518930   627289   524120   635516   529310   643800   534500   652143  

01/09/2008 507010   607982   512200   616074   517390   624222   522580   632427   527770   640690   532960   649011  

01/10/2008 505470   604978   510660   613048   515850   621175   521040   629359   526230   637600   531420   645899  

01/11/2008 503930   601993   509120   610042   514310   618148   519500   626311   524690   634531   529880   642808  

01/12/2008 502390   599027   507580   607056   512770   615141   517960   623282   523150   631481   528340   639737  

01/01/2009 500850   596081   506040   604089   511230   612153   516420   620274   521610   628451   526800   636686  

01/02/2009 498600   591946   503790   599924   508980   607959   514170   616051   519360   624199   524550   632404  

01/03/2009 496350   587837   501540   595787   506730   603793   511920   611855   517110   619974   522300   628149  

01/04/2009 494100   583755   499290   591677   504480   599654   509670   607687   514860   615776   520050   623922  

01/05/2009 491850   579776   497040   587669   502230   595618   507420   603623   512610   611684   517800   619801  

01/06/2009 489600   575822   494790   583688   499980   591609   505170   599586   510360   607618   515550   615707  

01/07/2009 487350   571895   492540   579733   497730   587626   502920   595575   508110   603579   513300   611640  




CL002B                                              ARMY GROUP INSURANCE FUND                                   Page No. 16 
                                  MATURITY AMOUNT PAYABLE TO MEMBERS OF ARMY GROUP INSURANCE SCHEME
                                                              OFF -- APSD
-------------------------------------------------------------------------------------------------------------------------
                                                   Date on Which Amount Calculated
            ----------------------------------------------------------------------------------------------------------
Date of        31/10/2018        30/11/2018        31/12/2018        31/01/2019        28/02/2019        31/03/2019
Joining     Contri-  Payable  Contri-  Payable  Contri-  Payable  Contri-  Payable  Contri-  Payable  Contri-  Payable
AGI Scheme  buted             buted             buted             buted             buted             buted
-------------------------------------------------------------------------------------------------------------------------
01/08/2009 485100   567993   490290   575804   495480   583670   500670   591591   505860   599567   511050   607600  

01/09/2009 482850   564118   488040   571901   493230   579740   498420   587633   503610   595582   508800   603586  

01/10/2009 480600   560267   485790   568024   490980   575835   496170   583701   501360   591622   506550   599599  

01/11/2009 478350   556443   483540   564172   488730   571957   493920   579795   499110   587689   504300   595638  

01/12/2009 476100   552643   481290   560346   486480   568103   491670   575915   496860   583781   502050   591703  

01/01/2010 473850   548868   479040   556545   484230   564275   489420   572060   494610   579900   499800   587794  

01/02/2010 471600   545118   476790   552768   481980   560473   487170   568231   492360   576043   497550   583911  

01/03/2010 469350   541393   474540   549017   479730   556695   484920   564426   490110   572212   495300   580053  

01/04/2010 467100   537692   472290   545290   477480   552942   482670   560647   487860   568406   493050   576220  

01/05/2010 464850   534038   470040   541611   475230   549237   480420   556916   485610   564649   490800   572437  

01/06/2010 462600   530407   467790   537955   472980   545555   478170   553208   483360   560915   488550   568677  

01/07/2010 460350   526799   465540   534321   470730   541896   475920   549524   481110   557205   486300   564940  

01/08/2010 458100   523214   463290   530710   468480   538260   473670   545862   478860   553518   484050   561227  

01/09/2010 455850   519650   461040   527122   466230   534646   471420   542223   476610   549854   481800   557537  

01/10/2010 453600   516109   458790   523556   463980   531055   469170   538607   474360   546212   479550   553870  

01/11/2010 451350   512590   456540   520013   461730   527487   466920   535014   472110   542593   477300   550226  

01/12/2010 449100   509094   454290   516492   459480   523942   464670   531444   469860   538998   475050   546606  

01/01/2011 446850   505621   452040   512995   457230   520420   462420   527897   467610   535427   472800   543009  

01/02/2011 444600   502171   449790   509520   454980   516921   460170   524374   465360   531879   470550   539436  

01/03/2011 442350   498744   447540   506069   452730   513445   457920   520874   463110   528354   468300   535887  

01/04/2011 440100   495339   445290   502640   450480   509992   455670   517397   460860   524853   466050   532361  

01/05/2011 436020   488675   441210   495930   446400   503235   451590   510592   456780   518000   461970   525460  

01/06/2011 431940   482057   437130   489265   442320   496524   447510   503833   452700   511194   457890   518606  

01/07/2011 427860   475484   433050   482646   438240   489858   443430   497121   448620   504435   453810   511800  




CL002B                                              ARMY GROUP INSURANCE FUND                                   Page No. 17 
                                  MATURITY AMOUNT PAYABLE TO MEMBERS OF ARMY GROUP INSURANCE SCHEME
                                                              OFF -- APSD
-------------------------------------------------------------------------------------------------------------------------
                                                   Date on Which Amount Calculated
            ----------------------------------------------------------------------------------------------------------
Date of        31/10/2018        30/11/2018        31/12/2018        31/01/2019        28/02/2019        31/03/2019
Joining     Contri-  Payable  Contri-  Payable  Contri-  Payable  Contri-  Payable  Contri-  Payable  Contri-  Payable
AGI Scheme  buted             buted             buted             buted             buted             buted
-------------------------------------------------------------------------------------------------------------------------
01/08/2011 423780   468956   428970   476072   434160   483238   439350   490454   444540   497721   449730   505039  

01/09/2011 419700   462472   424890   469543   430080   476663   435270   483833   440460   491054   445650   498325  

01/10/2011 415620   456033   420810   463058   426000   470133   431190   477258   436380   484432   441570   491657  

01/11/2011 411540   449637   416730   456618   421920   463648   427110   470727   432300   477855   437490   485034  

01/12/2011 407460   443285   412650   450221   417840   457206   423030   464240   428220   471323   433410   478456  

01/01/2012 403380   436977   408570   443869   413760   450809   418950   457798   424140   464836   429330   471923  

01/02/2012 399300   430711   404490   437559   409680   444455   414870   451399   420060   458392   425250   465434  

01/03/2012 395220   424488   400410   431292   405600   438144   410790   445044   415980   451993   421170   458990  

01/04/2012 391140   418307   396330   425068   401520   431876   406710   438732   411900   445637   417090   452589  

01/05/2012 387060   412271   392250   418989   397440   425755   402630   432568   407820   439429   413010   446338  

01/06/2012 382980   406275   388170   412952   393360   419675   398550   426446   403740   433264   408930   440129  

01/07/2012 378900   400320   384090   406955   389280   413636   394470   420364   399660   427140   404850   433962  

01/08/2012 374820   394405   380010   400998   385200   407638   390390   414324   395580   421057   400770   427837  

01/09/2012 370740   388529   375930   395081   381120   401679   386310   408324   391500   415015   396690   421752  

01/10/2012 366660   382693   371850   389205   377040   395761   382230   402364   387420   409013   392610   415709  

01/11/2012 362580   376897   367770   383367   372960   389883   378150   396445   383340   403052   388530   409706  

01/12/2012 358500   371139   363690   377569   368880   384044   374070   390565   379260   397131   384450   403743  

01/01/2013 354420   365420   359610   371810   364800   378244   369990   384724   375180   391250   380370   397821  

01/02/2013 350340   359739   355530   366089   360720   372484   365910   378923   371100   385408   376290   391938  

01/03/2013 346260   354096   351450   360407   356640   366762   361830   373161   367020   379605   372210   386095  

01/04/2013 342180   348491   347370   354763   352560   361078   357750   367437   362940   373841   368130   380290  

01/05/2013 338100   342989   343290   349221   348480   355498   353670   361818   358860   368183   364050   374592  

01/06/2013 334020   337523   339210   343717   344400   349955   349590   356236   354780   362562   359970   368931  

01/07/2013 329940   332092   335130   338249   340320   344448   345510   350691   350700   356977   355890   363308  




CL002B                                              ARMY GROUP INSURANCE FUND                                   Page No. 18 
                                  MATURITY AMOUNT PAYABLE TO MEMBERS OF ARMY GROUP INSURANCE SCHEME
                                                              OFF -- APSD
-------------------------------------------------------------------------------------------------------------------------
                                                   Date on Which Amount Calculated
            ----------------------------------------------------------------------------------------------------------
Date of        31/10/2018        30/11/2018        31/12/2018        31/01/2019        28/02/2019        31/03/2019
Joining     Contri-  Payable  Contri-  Payable  Contri-  Payable  Contri-  Payable  Contri-  Payable  Contri-  Payable
AGI Scheme  buted             buted             buted             buted             buted             buted
-------------------------------------------------------------------------------------------------------------------------
01/08/2013 325860   326698   331050   332816   336240   338978   341430   345182   346620   351430   351810   357722  

01/09/2013 321780   321339   326970   327420   332160   333543   337350   339710   342540   345919   347730   352172  

01/10/2013 316590   314498   321780   320531   326970   326606   332160   332724   337350   338884   342540   345088  

01/11/2013 311400   307702   316590   313688   321780   319715   326970   325784   332160   331896   337350   338051  

01/12/2013 306210   300951   311400   306889   316590   312868   321780   318890   326970   324953   332160   331059  

01/01/2014 301020   294245   306210   300135   311400   306067   316590   312041   321780   318056   326970   324114  

01/02/2014 295830   287582   301020   293426   306210   299311   311400   305237   316590   311205   321780   317215  

01/03/2014 290640   280963   295830   286761   301020   292599   306210   298478   311400   304398   316590   310360  

01/04/2014 285450   274388   290640   280139   295830   285931   301020   291763   306210   297637   311400   303551  

01/05/2014 280260   267970   285450   273676   290640   279422   295830   285209   301020   291036   306210   296905  

01/06/2014 275070   261594   280260   267256   285450   272957   290640   278699   295830   284480   301020   290303  

01/07/2014 269880   255262   275070   260879   280260   266536   285450   272232   290640   277968   295830   283745  

01/08/2014 264690   248971   269880   254544   275070   260157   280260   265808   285450   271499   290640   277230  

01/09/2014 259500   242723   264690   248252   269880   253820   275070   259427   280260   265074   285450   270760  

01/10/2014 254310   236516   259500   242002   264690   247526   269880   253089   275070   258691   280260   264332  

01/11/2014 249120   230351   254310   235793   259500   241274   264690   246793   269880   252351   275070   257948  

01/12/2014 243930   224227   249120   229626   254310   235064   259500   240539   264690   246053   269880   251606  

01/01/2015 238740   218144   243930   223500   249120   228895   254310   234327   259500   239797   264690   245306  

01/02/2015 233550   212101   238740   217415   243930   222767   249120   228156   254310   233583   259500   239049  

01/03/2015 228360   206098   233550   211371   238740   216680   243930   222027   249120   227411   254310   232833  

01/04/2015 223170   200136   228360   205367   233550   210634   238740   215938   243930   221279   249120   226658  

01/05/2015 217980   194318   223170   199508   228360   204734   233550   209997   238740   215296   243930   220633  

01/06/2015 212790   188541   217980   193690   223170   198875   228360   204097   233550   209355   238740   214650  

01/07/2015 207600   182803   212790   187912   217980   193057   223170   198238   228360   203455   233550   208709  




CL002B                                              ARMY GROUP INSURANCE FUND                                   Page No. 19 
                                  MATURITY AMOUNT PAYABLE TO MEMBERS OF ARMY GROUP INSURANCE SCHEME
                                                              OFF -- APSD
-------------------------------------------------------------------------------------------------------------------------
                                                   Date on Which Amount Calculated
            ----------------------------------------------------------------------------------------------------------
Date of        31/10/2018        30/11/2018        31/12/2018        31/01/2019        28/02/2019        31/03/2019
Joining     Contri-  Payable  Contri-  Payable  Contri-  Payable  Contri-  Payable  Contri-  Payable  Contri-  Payable
AGI Scheme  buted             buted             buted             buted             buted             buted
-------------------------------------------------------------------------------------------------------------------------
01/08/2015 202410   177106   207600   182175   212790   187280   217980   192420   223170   197596   228360   202809  

01/09/2015 197220   171449   202410   176478   207600   181542   212790   186643   217980   191778   223170   196950  

01/10/2015 192030   165830   197220   170820   202410   175845   207600   180905   212790   186001   217980   191132  

01/11/2015 186840   160420   192030   165371   197220   170358   202410   175380   207600   180437   212790   185529  

01/12/2015 181650   155047   186840   159962   192030   164910   197220   169894   202410   174912   207600   179966  

01/01/2016 176460   149714   181650   154590   186840   159501   192030   164447   197220   169427   202410   174442  

01/02/2016 171270   144418   176460   149257   181650   154131   186840   159039   192030   163981   197220   168958  

01/03/2016 166080   139160   171270   143963   176460   148799   181650   153669   186840   158574   192030   163513  

01/04/2016 160890   133939   166080   138705   171270   143505   176460   148338   181650   153205   186840   158107  

01/05/2016 155700   128852   160890   133582   166080   138346   171270   143143   176460   147974   181650   152838  

01/06/2016 150510   123800   155700   128495   160890   133223   166080   137985   171270   142779   176460   147607  

01/07/2016 145320   118785   150510   123445   155700   128137   160890   132863   166080   137621   171270   142413  

01/08/2016 140130   113804   145320   118429   150510   123087   155700   127777   160890   132500   166080   137256  

01/09/2016 134940   108859   140130   113450   145320   118072   150510   122727   155700   127415   160890   132135  

01/10/2016 129750   103949   134940   108505   140130   113093   145320   117713   150510   122365   155700   127050  

01/11/2016 124560    99407   129750   103931   134940   108487   140130   113074   145320   117694   150510   122346  

01/12/2016 119370    94897   124560    99389   129750   103913   134940   108469   140130   113056   145320   117676  

01/01/2017 114180    90419   119370    94880   124560    99372   129750   103895   134940   108451   140130   113038  

01/02/2017 108990    85972   114180    90402   119370    94862   124560    99355   129750   103878   134940   108433  

01/03/2017 103800    81555   108990    85954   114180    90383   119370    94844   124560    99336   129750   103859  

01/04/2017  98610    77168   103800    81536   108990    85934   114180    90364   119370    94824   124560    99316  

01/05/2017  93420    72868    98610    77206   103800    81574   108990    85973   114180    90403   119370    94864  

01/06/2017  88230    68597    93420    72905    98610    77243   103800    81612   108990    86011   114180    90441  

01/07/2017  83040    64354    88230    68632    93420    72940    98610    77279   103800    81647   108990    86047  




CL002B                                              ARMY GROUP INSURANCE FUND                                   Page No. 20 
                                  MATURITY AMOUNT PAYABLE TO MEMBERS OF ARMY GROUP INSURANCE SCHEME
                                                              OFF -- APSD
-------------------------------------------------------------------------------------------------------------------------
                                                   Date on Which Amount Calculated
            ----------------------------------------------------------------------------------------------------------
Date of        31/10/2018        30/11/2018        31/12/2018        31/01/2019        28/02/2019        31/03/2019
Joining     Contri-  Payable  Contri-  Payable  Contri-  Payable  Contri-  Payable  Contri-  Payable  Contri-  Payable
AGI Scheme  buted             buted             buted             buted             buted             buted
-------------------------------------------------------------------------------------------------------------------------
01/08/2017  77850    60139    83040    64388    88230    68666    93420    72974    98610    77313   103800    81682  

01/09/2017  72660    55952    77850    60171    83040    64420    88230    68698    93420    73007    98610    77346  

01/10/2017  67470    51792    72660    55982    77850    60202    83040    64451    88230    68729    93420    73038  

01/11/2017  62280    47660    67470    51821    72660    56011    77850    60231    83040    64480    88230    68759  

01/12/2017  57090    43554    62280    47686    67470    51848    72660    56038    77850    60258    83040    64507  

01/01/2018  51900    39475    57090    43578    62280    47711    67470    51872    72660    56062    77850    60282  

01/02/2018  46710    35393    51900    39468    57090    43572    62280    47704    67470    51866    72660    56056  

01/03/2018  41520    31338    46710    35385    51900    39460    57090    43563    62280    47695    67470    51856  

01/04/2018  36330    27309    41520    31327    46710    35373    51900    39448    57090    43551    62280    47684  

01/05/2018  31140    23332    36330    27322    41520    31341    46710    35387    51900    39462    57090    43565  

01/06/2018  25950    19381    31140    23343    36330    27334    41520    31352    46710    35399    51900    39474  

01/07/2018  20760    15454    25950    19390    31140    23352    36330    27343    41520    31361    46710    35408  

01/08/2018  15570    11553    20760    15461    25950    19396    31140    23359    36330    27350    41520    31368  

01/09/2018  10380     7677    15570    11558    20760    15466    25950    19401    31140    23364    36330    27354  

01/10/2018   5190     3826    10380     7680    15570    11560    20760    15468    25950    19403    31140    23366  

01/11/2018      0        0     5190     3826    10380     7680    15570    11560    20760    15468    25950    19403  

01/12/2018      0        0        0        0     5190     3826    10380     7680    15570    11560    20760    15468  

01/01/2019      0        0        0        0        0        0     5190     3826    10380     7680    15570    11560  

01/02/2019      0        0        0        0        0        0        0        0     5190     3826    10380     7680  

01/03/2019      0        0        0        0        0        0        0        0        0        0     5190     3826  


--------------------------------------------------  End of Report  ------------------------------------------------------
