


CL002B                                              ARMY GROUP INSURANCE FUND                                   Page No. 1 
                                  MATURITY AMOUNT PAYABLE TO MEMBERS OF ARMY GROUP INSURANCE SCHEME
                                                             JCO/OR -- DSC
-------------------------------------------------------------------------------------------------------------------------
                                                   Date on Which Amount Calculated
            ----------------------------------------------------------------------------------------------------------
Date of        31/10/2018        30/11/2018        31/12/2018        31/01/2019        28/02/2019        31/03/2019
Joining     Contri-  Payable  Contri-  Payable  Contri-  Payable  Contri-  Payable  Contri-  Payable  Contri-  Payable
AGI Scheme  buted             buted             buted             buted             buted             buted
-------------------------------------------------------------------------------------------------------------------------
01/05/1977 335035   754879   337625   761838   340215   768845   342805   775902   345395   783008   347985   790164  

01/06/1977 335029   754708   337619   761666   340209   768672   342799   775727   345389   782832   347979   789986  

01/07/1977 335024   754516   337614   761472   340204   768477   342794   775531   345384   782634   347974   789788  

01/08/1977 335018   754303   337608   761258   340198   768261   342788   775313   345378   782415   347968   789567  

01/09/1977 335013   754111   337603   761064   340193   768066   342783   775117   345373   782218   347963   789368  

01/10/1977 335007   753940   337597   760892   340187   767893   342777   774943   345367   782042   347957   789191  

01/11/1977 335002   753748   337592   760699   340182   767698   342772   774746   345362   781844   347952   788992  

01/12/1977 334996   753535   337586   760484   340176   767482   342766   774529   345356   781625   347946   788771  




CL002B                                              ARMY GROUP INSURANCE FUND                                   Page No. 2 
                                  MATURITY AMOUNT PAYABLE TO MEMBERS OF ARMY GROUP INSURANCE SCHEME
                                                             JCO/OR -- DSC
-------------------------------------------------------------------------------------------------------------------------
                                                   Date on Which Amount Calculated
            ----------------------------------------------------------------------------------------------------------
Date of        31/10/2018        30/11/2018        31/12/2018        31/01/2019        28/02/2019        31/03/2019
Joining     Contri-  Payable  Contri-  Payable  Contri-  Payable  Contri-  Payable  Contri-  Payable  Contri-  Payable
AGI Scheme  buted             buted             buted             buted             buted             buted
-------------------------------------------------------------------------------------------------------------------------
01/01/1978 334991   753364   337581   760312   340171   767308   342761   774354   345351   781449   347941   788594  

01/02/1978 334985   753130   337575   760076   340165   767071   342755   774115   345345   781209   347935   788352  

01/03/1978 334980   752896   337570   759840   340160   766834   342750   773876   345340   780968   347930   788109  

01/04/1978 334974   752641   337564   759584   340154   766575   342744   773616   345334   780706   347924   787845  

01/05/1978 334969   752407   337559   759348   340149   766338   342739   773377   345329   780465   347919   787603  

01/06/1978 334942   751027   337532   757958   340122   764938   342712   771967   345302   779046   347892   786174  

01/07/1978 334915   749647   337505   756568   340095   763539   342685   770558   345275   777627   347865   784745  

01/08/1978 334888   748288   337478   755200   340068   762161   342658   769170   345248   776229   347838   783337  

01/09/1978 334861   746929   337451   753831   340041   760782   342631   767782   345221   774831   347811   781930  

01/10/1978 334834   745591   337424   752484   340014   759426   342604   766416   345194   773455   347784   780544  

01/11/1978 334807   744273   337397   751158   339987   758090   342577   765071   345167   772101   347757   779180  

01/12/1978 334780   742935   337370   749810   339960   756733   342550   763705   345140   770725   347730   777795  

01/01/1979 334753   741618   337343   748484   339933   755398   342523   762360   345113   769371   347703   776431  

01/02/1979 334726   740322   337316   747179   339906   754083   342496   761036   345086   768038   347676   775089  

01/03/1979 334699   739047   337289   745895   339879   752790   342469   759734   345059   766727   347649   773768  

01/04/1979 334672   737772   337262   744611   339852   751497   342442   758432   345032   765416   347622   772448  

01/05/1979 334645   736497   337235   743327   339825   750204   342415   757130   345005   764104   347595   771128  

01/06/1979 334618   735222   337208   742043   339798   748911   342388   755828   344978   762793   347568   769807  

01/07/1979 334591   733989   337181   740801   339771   747661   342361   754569   344951   761525   347541   768530  

01/08/1979 334564   732756   337154   739560   339744   746411   342334   753310   344924   760257   347514   767254  

01/09/1979 334537   731523   337127   738318   339717   745160   342307   752051   344897   758989   347487   765977  

01/10/1979 334510   730311   337100   737097   339690   743931   342280   750813   344870   757743   347460   764722  

01/11/1979 334483   729099   337073   735877   339663   742702   342253   749575   344843   756497   347433   763466  

01/12/1979 334456   727887   337046   734656   339636   741473   342226   748337   344816   755250   347406   762211  




CL002B                                              ARMY GROUP INSURANCE FUND                                   Page No. 3 
                                  MATURITY AMOUNT PAYABLE TO MEMBERS OF ARMY GROUP INSURANCE SCHEME
                                                             JCO/OR -- DSC
-------------------------------------------------------------------------------------------------------------------------
                                                   Date on Which Amount Calculated
            ----------------------------------------------------------------------------------------------------------
Date of        31/10/2018        30/11/2018        31/12/2018        31/01/2019        28/02/2019        31/03/2019
Joining     Contri-  Payable  Contri-  Payable  Contri-  Payable  Contri-  Payable  Contri-  Payable  Contri-  Payable
AGI Scheme  buted             buted             buted             buted             buted             buted
-------------------------------------------------------------------------------------------------------------------------
01/01/1980 334429   726717   337019   733478   339609   740287   342199   747143   344789   754047   347379   761000  

01/02/1980 334397   725376   336987   732128   339577   738927   342167   745773   344757   752668   347347   759611  

01/03/1980 334365   724035   336955   730778   339545   737567   342135   744404   344725   751289   347315   758223  

01/04/1980 334333   722695   336923   729427   339513   736207   342103   743035   344693   749910   347283   756834  

01/05/1980 334301   721396   336891   728120   339481   734890   342071   741709   344661   748575   347251   755489  

01/06/1980 334269   720097   336859   726812   339449   733573   342039   740382   344629   747239   347219   754144  

01/07/1980 334237   718798   336827   725504   339417   732256   342007   739056   344597   745903   347187   752799  

01/08/1980 334205   717499   336795   724196   339385   730939   341975   737730   344565   744568   347155   751454  

01/09/1980 334173   716243   336763   722930   339353   729665   341943   736446   344533   743275   347123   750153  

01/10/1980 334141   714965   336731   721643   339321   728369   341911   735141   344501   741961   347091   748829  

01/11/1980 334109   713708   336699   720378   339289   727094   341879   733858   344469   740669   347059   747528  

01/12/1980 334077   712472   336667   719133   339257   725841   341847   732596   344437   739398   347027   746248  

01/01/1981 334045   711257   336635   717910   339225   724609   341815   731355   344405   738149   346995   744990  

01/02/1981 334013   710022   336603   716665   339193   723356   341783   730093   344373   736878   346963   743710  

01/03/1981 333981   708807   336571   715442   339161   722124   341751   728853   344341   735629   346931   742452  

01/04/1981 333949   707613   336539   714240   339129   720913   341719   727634   344309   734401   346899   741216  

01/05/1981 333894   705608   336484   712221   339074   718880   341664   725586   344254   732340   346844   739140  

01/06/1981 333839   703646   336429   710245   339019   716890   341609   723582   344199   730321   346789   737108  

01/07/1981 333784   701704   336374   708290   338964   714921   341554   721599   344144   728325   346734   735097  

01/08/1981 333729   699741   336319   706313   338909   712931   341499   719595   344089   726306   346679   733064  

01/09/1981 333674   697821   336264   704379   338854   710983   341444   717634   344034   724331   346624   731075  

01/10/1981 333619   695921   336209   702466   338799   709057   341389   715694   343979   722378   346569   729108  

01/11/1981 333564   694022   336154   700553   338744   707131   341334   713754   343924   720424   346514   727141  

01/12/1981 333509   692164   336099   698682   338689   705247   341279   711857   343869   718514   346459   725217  




CL002B                                              ARMY GROUP INSURANCE FUND                                   Page No. 4 
                                  MATURITY AMOUNT PAYABLE TO MEMBERS OF ARMY GROUP INSURANCE SCHEME
                                                             JCO/OR -- DSC
-------------------------------------------------------------------------------------------------------------------------
                                                   Date on Which Amount Calculated
            ----------------------------------------------------------------------------------------------------------
Date of        31/10/2018        30/11/2018        31/12/2018        31/01/2019        28/02/2019        31/03/2019
Joining     Contri-  Payable  Contri-  Payable  Contri-  Payable  Contri-  Payable  Contri-  Payable  Contri-  Payable
AGI Scheme  buted             buted             buted             buted             buted             buted
-------------------------------------------------------------------------------------------------------------------------
01/01/1982 333454   690285   336044   696791   338634   703342   341224   709939   343814   716582   346404   723272  

01/02/1982 333399   688449   335989   694941   338579   701479   341169   708063   343759   714693   346349   721370  

01/03/1982 333344   686612   335934   693092   338524   699617   341114   706188   343704   712805   346294   719468  

01/04/1982 333289   684796   335879   691263   338469   697776   341059   704334   343649   710938   346239   717588  

01/05/1982 333234   682981   335824   689435   338414   695934   341004   702479   343594   709070   346184   715708  

01/06/1982 333179   681207   335769   687649   338359   694136   340949   700668   343539   707246   346129   713871  

01/07/1982 333124   679412   335714   685842   338304   692316   340894   698836   343484   705401   346074   712012  

01/08/1982 333069   677660   335659   684077   338249   690539   340839   697046   343429   703599   346019   710197  

01/09/1982 333014   675928   335604   682333   338194   688783   340784   695277   343374   701818   345964   708404  

01/10/1982 332959   674176   335549   680568   338139   687005   340729   693488   343319   700016   345909   706589  

01/11/1982 332904   672465   335494   678845   338084   685271   340674   691741   343264   698256   345854   704818  

01/12/1982 332849   670775   335439   677144   338029   683557   340619   690015   343209   696519   345799   703068  

01/01/1983 332794   669065   335384   675421   337974   681822   340564   688268   343154   694760   345744   701297  

01/02/1983 332734   667225   335324   673569   337914   679957   340504   686390   343094   692868   345684   699392  

01/03/1983 332674   665386   335264   671717   337854   678092   340444   684512   343034   690977   345624   697487  

01/04/1983 332614   663588   335204   669907   337794   676269   340384   682676   342974   689128   345564   695626  

01/05/1983 332554   661791   335144   668097   337734   674446   340324   680841   342914   687280   345504   693764  

01/06/1983 332494   659994   335084   666287   337674   672624   340264   679005   342854   685431   345444   691903  

01/07/1983 332434   658238   335024   664519   337614   670843   340204   677213   342794   683626   345384   690085  

01/08/1983 332374   656462   334964   662730   337554   669042   340144   675398   342734   681799   345324   688245  

01/09/1983 332314   654727   334904   660983   337494   667283   340084   673627   342674   680016   345264   686449  

01/10/1983 332254   653014   334844   659258   337434   665546   340024   671878   342614   678254   345204   684675  

01/11/1983 332194   651279   334784   657511   337374   663787   339964   670106   342554   676470   345144   682879  

01/12/1983 332134   649587   334724   655807   337314   662071   339904   668378   342494   674730   345084   681126  




CL002B                                              ARMY GROUP INSURANCE FUND                                   Page No. 5 
                                  MATURITY AMOUNT PAYABLE TO MEMBERS OF ARMY GROUP INSURANCE SCHEME
                                                             JCO/OR -- DSC
-------------------------------------------------------------------------------------------------------------------------
                                                   Date on Which Amount Calculated
            ----------------------------------------------------------------------------------------------------------
Date of        31/10/2018        30/11/2018        31/12/2018        31/01/2019        28/02/2019        31/03/2019
Joining     Contri-  Payable  Contri-  Payable  Contri-  Payable  Contri-  Payable  Contri-  Payable  Contri-  Payable
AGI Scheme  buted             buted             buted             buted             buted             buted
-------------------------------------------------------------------------------------------------------------------------
01/01/1984 332074   647916   334664   654124   337254   660376   339844   666671   342434   673011   345024   679395  

01/02/1984 332009   646073   334599   652269   337189   658507   339779   664790   342369   671117   344959   677488  

01/03/1984 331944   644273   334534   650456   337124   656682   339714   662952   342304   669265   344894   675623  

01/04/1984 331879   642473   334469   648643   337059   654856   339649   661113   342239   667414   344829   673759  

01/05/1984 331814   640694   334404   646851   336994   653052   339584   659296   342174   665584   344764   671917  

01/06/1984 331749   638936   334339   645081   336929   651269   339519   657501   342109   663776   344699   670096  

01/07/1984 331684   637177   334274   643310   336864   649486   339454   655705   342044   661968   344634   668275  

01/08/1984 331619   635440   334209   641561   336799   647725   339389   653931   341979   660182   344569   666476  

01/09/1984 331554   633724   334144   639833   336734   645984   339324   652179   341914   658417   344504   664699  

01/10/1984 331489   631987   334079   638083   336669   644222   339259   650405   341849   656630   344439   662900  

01/11/1984 331424   630292   334014   636376   336604   642503   339194   648674   341784   654887   344374   661144  

01/12/1984 331359   628617   333949   634690   336539   640806   339129   646964   341719   653166   344309   659411  

01/01/1985 331294   626943   333884   633004   336474   639108   339064   645254   341654   651444   344244   657677  

01/02/1985 331224   625161   333814   631210   336404   637301   338994   643435   341584   649611   344174   655831  

01/03/1985 331154   623379   333744   629415   336334   635494   338924   641615   341514   647779   344104   653986  

01/04/1985 331084   621597   333674   627621   336264   633687   338854   639795   341444   645946   344034   652141  

01/05/1985 331014   619857   333604   625869   336194   631922   338784   638018   341374   644157   343964   650339  

01/06/1985 330944   618096   333534   624095   336124   630136   338714   636220   341304   642346   343894   648515  

01/07/1985 330874   616398   333464   622385   336054   628414   338644   634486   341234   640600   343824   646757  

01/08/1985 330804   614679   333394   620654   335984   626671   338574   632730   341164   638832   343754   644977  

01/09/1985 330734   613002   333324   618965   335914   624971   338504   631018   341094   637108   343684   643240  

01/10/1985 330664   611304   333254   617256   335844   623249   338434   629284   341024   635361   343614   641482  

01/11/1985 330594   609627   333184   615567   335774   621548   338364   627571   340954   633637   343544   639745  

01/12/1985 330524   607992   333114   613920   335704   619890   338294   625902   340884   631955   343474   638052  




CL002B                                              ARMY GROUP INSURANCE FUND                                   Page No. 6 
                                  MATURITY AMOUNT PAYABLE TO MEMBERS OF ARMY GROUP INSURANCE SCHEME
                                                             JCO/OR -- DSC
-------------------------------------------------------------------------------------------------------------------------
                                                   Date on Which Amount Calculated
            ----------------------------------------------------------------------------------------------------------
Date of        31/10/2018        30/11/2018        31/12/2018        31/01/2019        28/02/2019        31/03/2019
Joining     Contri-  Payable  Contri-  Payable  Contri-  Payable  Contri-  Payable  Contri-  Payable  Contri-  Payable
AGI Scheme  buted             buted             buted             buted             buted             buted
-------------------------------------------------------------------------------------------------------------------------
01/01/1986 330454   606336   333044   612253   335634   618211   338224   624211   340814   630253   343404   636337  

01/02/1986 330379   604572   332969   610477   335559   616422   338149   622409   340739   628439   343329   634510  

01/03/1986 330304   602851   332894   608743   335484   614676   338074   620651   340664   626668   343254   632727  

01/04/1986 330229   601108   332819   606988   335409   612909   337999   618871   340589   624876   343179   630923  

01/05/1986 330154   599407   332744   605275   335334   611184   337924   617135   340514   623127   343104   629161  

01/06/1986 330079   597706   332669   603562   335259   609459   337849   615398   340439   621378   343029   627400  

01/07/1986 330004   596026   332594   601871   335184   607756   337774   613682   340364   619650   342954   625660  

01/08/1986 329929   594347   332519   600179   335109   606052   337699   611967   340289   617923   342879   623921  

01/09/1986 329854   592688   332444   598509   335034   604370   337624   610273   340214   616217   342804   622203  

01/10/1986 329779   591050   332369   596859   334959   602709   337549   608601   340139   614533   342729   620507  

01/11/1986 329704   589412   332294   595210   334884   601049   337474   606928   340064   612849   342654   618811  

01/12/1986 329629   587795   332219   593582   334809   599409   337399   605277   339989   611186   342579   617137  

01/01/1987 329554   586179   332144   591954   334734   597769   337324   603626   339914   609523   342504   615462  

01/02/1987 329474   584475   332064   590238   334654   596042   337244   601886   339834   607772   342424   613698  

01/03/1987 329394   582793   331984   588544   334574   594336   337164   600168   339754   606041   342344   611956  

01/04/1987 329314   581110   331904   586850   334494   592629   337084   598450   339674   604311   342264   610213  

01/05/1987 329234   579427   331824   585155   334414   590923   337004   596732   339594   602581   342184   608471  

01/06/1987 329154   577787   331744   583503   334334   589259   336924   595056   339514   600894   342104   606772  

01/07/1987 329074   576146   331664   581851   334254   587596   336844   593381   339434   599207   342024   605073  

01/08/1987 328994   574527   331584   580220   334174   585953   336764   591727   339354   597541   341944   603396  

01/09/1987 328914   572907   331504   578589   334094   584311   336684   590073   339274   595876   341864   601719  

01/10/1987 328834   571287   331424   576958   334014   582669   336604   588419   339194   594210   341784   600042  

01/11/1987 328754   569710   331344   575369   333934   581069   336524   586808   339114   592588   341704   598408  

01/12/1987 328674   568132   331264   573781   333854   579469   336444   585197   339034   590965   341624   596774  




CL002B                                              ARMY GROUP INSURANCE FUND                                   Page No. 7 
                                  MATURITY AMOUNT PAYABLE TO MEMBERS OF ARMY GROUP INSURANCE SCHEME
                                                             JCO/OR -- DSC
-------------------------------------------------------------------------------------------------------------------------
                                                   Date on Which Amount Calculated
            ----------------------------------------------------------------------------------------------------------
Date of        31/10/2018        30/11/2018        31/12/2018        31/01/2019        28/02/2019        31/03/2019
Joining     Contri-  Payable  Contri-  Payable  Contri-  Payable  Contri-  Payable  Contri-  Payable  Contri-  Payable
AGI Scheme  buted             buted             buted             buted             buted             buted
-------------------------------------------------------------------------------------------------------------------------
01/01/1988 328594   566576   331184   572213   333774   577891   336364   583608   338954   589365   341544   595162  

01/02/1988 328514   565019   331104   570646   333694   576312   336284   582018   338874   587764   341464   593550  

01/03/1988 328434   563484   331024   569099   333614   574755   336204   580450   338794   586185   341384   591960  

01/04/1988 328354   561969   330944   567574   333534   573219   336124   578903   338714   584627   341304   590392  

01/05/1988 328274   560475   330864   566070   333454   571704   336044   577378   338634   583091   341224   588845  

01/06/1988 328194   558982   330784   564566   333374   570190   335964   575853   338554   581555   341144   587298  

01/07/1988 328114   557488   330704   563062   333294   568675   335884   574327   338474   580020   341064   585751  

01/08/1988 328034   556037   330624   561600   333214   567203   335804   572845   338394   578527   340984   584248  

01/09/1988 327954   554585   330544   560139   333134   565731   335724   571363   338314   577034   340904   582745  

01/10/1988 327874   553133   330464   558677   333054   564259   335644   569880   338234   575541   340824   581242  

01/11/1988 327794   551724   330384   557257   332974   562830   335564   568441   338154   574092   340744   579782  

01/12/1988 327714   550314   330304   555838   332894   561400   335484   567002   338074   572642   340664   578322  

01/01/1989 327634   548905   330224   554418   332814   559971   335404   565562   337994   571193   340584   576863  

01/02/1989 327554   547537   330144   553041   332734   558584   335324   564166   337914   569786   340504   575446  

01/03/1989 327474   546170   330064   551664   332654   557197   335244   562769   337834   568380   340424   574030  

01/04/1989 327394   544802   329984   550287   332574   555810   335164   561372   337754   566974   340344   572614  

01/05/1989 327285   543221   329875   548695   332465   554207   335055   559758   337645   565348   340235   570977  

01/06/1989 327176   541656   329766   547119   332356   552620   334946   558159   337536   563738   340126   569356  

01/07/1989 327067   540105   329657   545557   332247   551047   334837   556576   337427   562143   340017   567750  

01/08/1989 326958   538568   329548   544009   332138   549489   334728   555007   337318   560563   339908   566159  

01/09/1989 326849   537046   329439   542477   332029   547945   334619   553452   337209   558998   339799   564582  

01/10/1989 326740   535539   329330   540958   331920   546416   334510   551913   337100   557447   339690   563021  

01/11/1989 326631   534045   329221   539454   331811   544902   334401   550387   336991   555911   339581   561474  

01/12/1989 326522   532565   329112   537964   331702   543401   334292   548876   336882   554390   339472   559942  




CL002B                                              ARMY GROUP INSURANCE FUND                                   Page No. 8 
                                  MATURITY AMOUNT PAYABLE TO MEMBERS OF ARMY GROUP INSURANCE SCHEME
                                                             JCO/OR -- DSC
-------------------------------------------------------------------------------------------------------------------------
                                                   Date on Which Amount Calculated
            ----------------------------------------------------------------------------------------------------------
Date of        31/10/2018        30/11/2018        31/12/2018        31/01/2019        28/02/2019        31/03/2019
Joining     Contri-  Payable  Contri-  Payable  Contri-  Payable  Contri-  Payable  Contri-  Payable  Contri-  Payable
AGI Scheme  buted             buted             buted             buted             buted             buted
-------------------------------------------------------------------------------------------------------------------------
01/01/1990 326413   531100   329003   536488   331593   541915   334183   547380   336773   552883   339363   558424  

01/02/1990 326304   529648   328894   535026   331484   540442   334074   545897   336664   551389   339254   556921  

01/03/1990 326195   528209   328785   533578   331375   538984   333965   544428   336555   549910   339145   555431  

01/04/1990 326086   526784   328676   532143   331266   537539   333856   542973   336446   548445   339036   553955  

01/05/1990 325977   525372   328567   530721   331157   536107   333747   541531   336337   546993   338927   552493  

01/06/1990 325868   523974   328458   529313   331048   534689   333638   540103   336228   545555   338818   551045  

01/07/1990 325759   522589   328349   527918   330939   533284   333529   538688   336119   544130   338709   549610  

01/08/1990 325650   521216   328240   526536   330830   531892   333420   537287   336010   542719   338600   548189  

01/09/1990 325541   519856   328131   525166   330721   530513   333311   535898   335901   541321   338491   546781  

01/10/1990 325432   518509   328022   523810   330612   529148   333202   534523   335792   539935   338382   545386  

01/11/1990 325323   517175   327913   522466   330503   527794   333093   533160   335683   538563   338273   544004  

01/12/1990 325214   515853   327804   521135   330394   526454   332984   531810   335574   537204   338164   542635  

01/01/1991 325105   514543   327695   519816   330285   525126   332875   530473   335465   535857   338055   541279  

01/02/1991 324996   513246   327586   518509   330176   523810   332766   529148   335356   534523   337946   539936  

01/03/1991 324887   511961   327477   517215   330067   522506   332657   527835   335247   533201   337837   538604  

01/04/1991 324778   510687   327368   515933   329958   521215   332548   526535   335138   531891   337728   537286  

01/05/1991 324669   509432   327259   514668   329849   519942   332439   525252   335029   530600   337619   535985  

01/06/1991 324560   508188   327150   513416   329740   518680   332330   523982   334920   529321   337510   534697  

01/07/1991 324451   506955   327041   512175   329631   517431   332221   522724   334811   528054   337401   533421  

01/08/1991 324342   505734   326932   510945   329522   516193   332112   521477   334702   526798   337292   532157  

01/09/1991 324233   504525   326823   509727   329413   514966   332003   520242   334593   525554   337183   530904  

01/10/1991 324124   503326   326714   508520   329304   513751   331894   519018   334484   524322   337074   529663  

01/11/1991 324015   502139   326605   507325   329195   512547   331785   517805   334375   523101   336965   528434  

01/12/1991 323906   500963   326496   506140   329086   511354   331676   516604   334266   521891   336856   527216  




CL002B                                              ARMY GROUP INSURANCE FUND                                   Page No. 9 
                                  MATURITY AMOUNT PAYABLE TO MEMBERS OF ARMY GROUP INSURANCE SCHEME
                                                             JCO/OR -- DSC
-------------------------------------------------------------------------------------------------------------------------
                                                   Date on Which Amount Calculated
            ----------------------------------------------------------------------------------------------------------
Date of        31/10/2018        30/11/2018        31/12/2018        31/01/2019        28/02/2019        31/03/2019
Joining     Contri-  Payable  Contri-  Payable  Contri-  Payable  Contri-  Payable  Contri-  Payable  Contri-  Payable
AGI Scheme  buted             buted             buted             buted             buted             buted
-------------------------------------------------------------------------------------------------------------------------
01/01/1992 323797   499797   326387   504967   328977   510172   331567   515414   334157   520693   336747   526009  

01/02/1992 323688   498643   326278   503804   328868   509001   331458   514235   334048   519506   336638   524813  

01/03/1992 323579   497499   326169   502652   328759   507841   331349   513067   333939   518329   336529   523628  

01/04/1992 323470   496366   326060   501511   328650   506692   331240   511910   333830   517164   336420   522455  

01/05/1992 323361   495253   325951   500390   328541   505564   331131   510774   333721   516020   336311   521303  

01/06/1992 323252   494151   325842   499281   328432   504446   331022   509648   333612   514886   336202   520161  

01/07/1992 323143   493059   325733   498181   328323   503339   330913   508533   333503   513763   336093   519030  

01/08/1992 323034   491977   325624   497091   328214   502242   330804   507428   333394   512651   335984   517910  

01/09/1992 322925   490905   325515   496012   328105   501155   330695   506334   333285   511549   335875   516800  

01/10/1992 322816   489844   325406   494943   327996   500079   330586   505250   333176   510457   335766   515701  

01/11/1992 322707   488793   325297   493885   327887   499012   330477   504176   333067   509376   335657   514613  

01/12/1992 322598   487752   325188   492836   327778   497957   330368   503113   332958   508305   335548   513534  

01/01/1993 322489   486720   325079   491798   327669   496911   330259   502060   332849   507245   335439   512466  

01/02/1993 322380   485699   324970   490769   327560   495875   330150   501017   332740   506195   335330   511409  

01/03/1993 322271   484687   324861   489750   327451   494849   330041   499984   332631   505154   335221   510361  

01/04/1993 322162   483685   324752   488741   327342   493833   329932   498960   332522   504124   335112   509323  

01/05/1993 322053   482702   324643   487751   327233   492836   329823   497956   332413   503113   335003   508305  

01/06/1993 321944   481728   324534   486770   327124   491848   329714   496962   332304   502111   334894   507296  

01/07/1993 321835   480763   324425   485799   327015   490870   329605   495976   332195   501119   334785   506297  

01/08/1993 321726   479808   324316   484837   326906   489901   329496   495001   332086   500136   334676   505308  

01/09/1993 321617   478861   324207   483883   326797   488941   329387   494034   331977   499163   334567   504328  

01/10/1993 321508   477924   324098   482939   326688   487990   329278   493077   331868   498199   334458   503357  

01/11/1993 321399   476995   323989   482004   326579   487049   329169   492129   331759   497244   334349   502395  

01/12/1993 321290   476075   323880   481078   326470   486116   329060   491189   331650   496298   334240   501443  




CL002B                                              ARMY GROUP INSURANCE FUND                                   Page No. 10 
                                  MATURITY AMOUNT PAYABLE TO MEMBERS OF ARMY GROUP INSURANCE SCHEME
                                                             JCO/OR -- DSC
-------------------------------------------------------------------------------------------------------------------------
                                                   Date on Which Amount Calculated
            ----------------------------------------------------------------------------------------------------------
Date of        31/10/2018        30/11/2018        31/12/2018        31/01/2019        28/02/2019        31/03/2019
Joining     Contri-  Payable  Contri-  Payable  Contri-  Payable  Contri-  Payable  Contri-  Payable  Contri-  Payable
AGI Scheme  buted             buted             buted             buted             buted             buted
-------------------------------------------------------------------------------------------------------------------------
01/01/1994 321181   475164   323771   480160   326361   485192   328951   490259   331541   495361   334131   500499  

01/02/1994 321072   474261   323662   479251   326252   484277   328842   489337   331432   494433   334022   499564  

01/03/1994 320963   473367   323553   478351   326143   483370   328733   488424   331323   493513   333913   498638  

01/04/1994 320854   472482   323444   477459   326034   482472   328624   487519   331214   492603   333804   497721  

01/05/1994 320745   471612   323335   476584   325925   481590   328515   486632   331105   491709   333695   496821  

01/06/1994 320636   470751   323226   475717   325816   480717   328406   485753   330996   490823   333586   495930  

01/07/1994 320527   469899   323117   474858   325707   479852   328297   484882   330887   489946   333477   495046  

01/08/1994 320418   469054   323008   474007   325598   478996   328188   484019   330778   489077   333368   494171  

01/09/1994 320309   468217   322899   473164   325489   478147   328079   483164   330669   488217   333259   493305  

01/10/1994 320200   467388   322790   472330   325380   477306   327970   482318   330560   487364   333150   492446  

01/11/1994 320091   466566   322681   471503   325271   476473   327861   481479   330451   486520   333041   491596  

01/12/1994 319982   465753   322572   470683   325162   475648   327752   480648   330342   485683   332932   490753  

01/01/1995 319873   464947   322463   469872   325053   474831   327643   479825   330233   484854   332823   489919  

01/02/1995 319764   464148   322354   469068   324944   474021   327534   479010   330124   484033   332714   489092  

01/03/1995 319655   463358   322245   468271   324835   473219   327425   478202   330015   483220   332605   488273  

01/04/1995 319546   462574   322136   467482   324726   472425   327316   477402   329906   482414   332496   487461  

01/05/1995 319437   461805   322027   466708   324617   471645   327207   476617   329797   481623   332387   486665  

01/06/1995 319328   461043   321918   465940   324508   470872   327098   475838   329688   480840   332278   485876  

01/07/1995 319219   460288   321809   465180   324399   470107   326989   475068   329579   480063   332169   485094  

01/08/1995 319110   459540   321700   464427   324290   469348   326880   474304   329470   479294   332060   484320  

01/09/1995 319001   458800   321591   463681   324181   468597   326771   473547   329361   478533   331951   483553  

01/10/1995 318892   458066   321482   462942   324072   467853   326662   472798   329252   477778   331842   482793  

01/11/1995 318783   457338   321373   462210   323963   467115   326553   472055   329143   477030   331733   482040  

01/12/1995 318674   456618   321264   461484   323854   466385   326444   471320   329034   476289   331624   481294  




CL002B                                              ARMY GROUP INSURANCE FUND                                   Page No. 11 
                                  MATURITY AMOUNT PAYABLE TO MEMBERS OF ARMY GROUP INSURANCE SCHEME
                                                             JCO/OR -- DSC
-------------------------------------------------------------------------------------------------------------------------
                                                   Date on Which Amount Calculated
            ----------------------------------------------------------------------------------------------------------
Date of        31/10/2018        30/11/2018        31/12/2018        31/01/2019        28/02/2019        31/03/2019
Joining     Contri-  Payable  Contri-  Payable  Contri-  Payable  Contri-  Payable  Contri-  Payable  Contri-  Payable
AGI Scheme  buted             buted             buted             buted             buted             buted
-------------------------------------------------------------------------------------------------------------------------
01/01/1996 318565   455904   321155   460766   323745   465661   326335   470591   328925   475555   331515   480554  

01/02/1996 318456   455197   321046   460054   323636   464944   326226   469869   328816   474828   331406   479822  

01/03/1996 318347   454497   320937   459348   323527   464234   326117   469154   328707   474108   331297   479097  

01/04/1996 318238   453803   320828   458649   323418   463530   326008   468445   328598   473394   331188   478378  

01/05/1996 318129   453124   320719   457966   323309   462842   325899   467752   328489   472696   331079   477676  

01/06/1996 318020   452452   320610   457289   323200   462160   325790   467066   328380   472005   330970   476980  

01/07/1996 317911   451786   320501   456619   323091   461485   325681   466386   328271   471321   330861   476290  

01/08/1996 317802   451127   320392   455954   322982   460816   325572   465712   328162   470642   330752   475607  

01/09/1996 317693   450473   320283   455296   322873   460153   325463   465044   328053   469970   330643   474930  

01/10/1996 317584   449825   320174   454644   322764   459496   325354   464383   327944   469304   330534   474259  

01/11/1996 317475   449183   320065   453998   322655   458846   325245   463728   327835   468644   330425   473594  

01/12/1996 317366   448548   319956   453357   322546   458201   325136   463078   327726   467990   330316   472936  

01/01/1997 317257   447918   319847   452723   322437   457562   325027   462435   327617   467342   330207   472284  

01/02/1997 317148   447293   319738   452094   322328   456929   324918   461797   327508   466700   330098   471637  

01/03/1997 317039   446675   319629   451471   322219   456302   324809   461166   327399   466064   329989   470997  

01/04/1997 316930   446062   319520   450854   322110   455680   324700   460540   327290   465434   329880   470362  

01/05/1997 316821   445463   319411   450251   322001   455072   324591   459928   327181   464817   329771   469741  

01/06/1997 316712   444869   319302   449653   321892   454470   324482   459321   327072   464207   329662   469126  

01/07/1997 316603   444280   319193   449060   321783   453874   324373   458721   326963   463602   329553   468517  

01/08/1997 316494   443697   319084   448473   321674   453282   324264   458125   326854   463002   329444   467913  

01/09/1997 316385   443120   318975   447891   321565   452696   324155   457535   326745   462408   329335   467315  

01/10/1997 316110   441623   318700   446384   321290   451179   323880   456007   326470   460869   329060   465765  

01/11/1997 315835   440140   318425   444891   321015   449675   323605   454492   326195   459344   328785   464229  

01/12/1997 315560   438670   318150   443411   320740   448185   323330   452992   325920   457833   328510   462707  




CL002B                                              ARMY GROUP INSURANCE FUND                                   Page No. 12 
                                  MATURITY AMOUNT PAYABLE TO MEMBERS OF ARMY GROUP INSURANCE SCHEME
                                                             JCO/OR -- DSC
-------------------------------------------------------------------------------------------------------------------------
                                                   Date on Which Amount Calculated
            ----------------------------------------------------------------------------------------------------------
Date of        31/10/2018        30/11/2018        31/12/2018        31/01/2019        28/02/2019        31/03/2019
Joining     Contri-  Payable  Contri-  Payable  Contri-  Payable  Contri-  Payable  Contri-  Payable  Contri-  Payable
AGI Scheme  buted             buted             buted             buted             buted             buted
-------------------------------------------------------------------------------------------------------------------------
01/01/1998 315285   437214   317875   441944   320465   446708   323055   451505   325645   456335   328235   461199  

01/02/1998 315010   435771   317600   440491   320190   445245   322780   450031   325370   454851   327960   459705  

01/03/1998 314735   434341   317325   439051   319915   443794   322505   448571   325095   453381   327685   458224  

01/04/1998 314460   432924   317050   437624   319640   442357   322230   447124   324820   451924   327410   456757  

01/05/1998 314185   431532   316775   436223   319365   440946   321955   445702   324545   450492   327135   455316  

01/06/1998 313910   430153   316500   434834   319090   439547   321680   444294   324270   449074   326860   453887  

01/07/1998 313635   428786   316225   433457   318815   438161   321405   442898   323995   447668   326585   452472  

01/08/1998 313360   427432   315950   432093   318540   436788   321130   441515   323720   446275   326310   451069  

01/09/1998 313085   426089   315675   430742   318265   435426   320855   440144   323445   444895   326035   449679  

01/10/1998 312810   424759   315400   429402   317990   434077   320580   438786   323170   443527   325760   448301  

01/11/1998 312535   423441   315125   428074   317715   432740   320305   437439   322895   442171   325485   446936  

01/12/1998 312260   422134   314850   426758   317440   431415   320030   436105   322620   440827   325210   445583  

01/01/1999 311985   420839   314575   425454   317165   430102   319755   434783   322345   439496   324935   444242  

01/02/1999 311710   419556   314300   424162   316890   428801   319480   433472   322070   438176   324660   442913  

01/03/1999 311435   418284   314025   422881   316615   427511   319205   432173   321795   436868   324385   441596  

01/04/1999 311160   417023   313750   421612   316340   426233   318930   430886   321520   435572   324110   440290  

01/05/1999 310885   415790   313475   420370   316065   424982   318655   429626   321245   434303   323835   439013  

01/06/1999 310610   414567   313200   419139   315790   423742   318380   428378   320970   433046   323560   437747  

01/07/1999 310335   413356   312925   417919   315515   422514   318105   427141   320695   431800   323285   436493  

01/08/1999 310060   412155   312650   416710   315240   421296   317830   425915   320420   430566   323010   435249  

01/09/1999 309785   410966   312375   415512   314965   420090   317555   424700   320145   429342   322735   434017  

01/10/1999 309510   409787   312100   414325   314690   418894   317280   423496   319870   428130   322460   432796  

01/11/1999 309235   408618   311825   413148   314415   417709   317005   422303   319595   426928   322185   431586  

01/12/1999 308960   407460   311550   411982   314140   416535   316730   421120   319320   425737   321910   430387  




CL002B                                              ARMY GROUP INSURANCE FUND                                   Page No. 13 
                                  MATURITY AMOUNT PAYABLE TO MEMBERS OF ARMY GROUP INSURANCE SCHEME
                                                             JCO/OR -- DSC
-------------------------------------------------------------------------------------------------------------------------
                                                   Date on Which Amount Calculated
            ----------------------------------------------------------------------------------------------------------
Date of        31/10/2018        30/11/2018        31/12/2018        31/01/2019        28/02/2019        31/03/2019
Joining     Contri-  Payable  Contri-  Payable  Contri-  Payable  Contri-  Payable  Contri-  Payable  Contri-  Payable
AGI Scheme  buted             buted             buted             buted             buted             buted
-------------------------------------------------------------------------------------------------------------------------
01/01/2000 308685   406312   311275   410826   313865   415371   316455   419948   319045   424557   321635   429199  

01/02/2000 308410   405175   311000   409680   313590   414217   316180   418786   318770   423387   321360   428021  

01/03/2000 308135   404048   310725   408545   313315   413074   315905   417635   318495   422228   321085   426853  

01/04/2000 307860   402930   310450   407420   313040   411941   315630   416494   318220   421079   320810   425696  

01/05/2000 307585   401837   310175   406319   312765   410832   315355   415378   317945   419955   320535   424564  

01/06/2000 307310   400753   309900   405228   312490   409734   315080   414271   317670   418840   320260   423442  

01/07/2000 307035   399679   309625   404146   312215   408645   314805   413174   317395   417736   319985   422330  

01/08/2000 306760   398615   309350   403075   311940   407566   314530   412088   317120   416642   319710   421228  

01/09/2000 306485   397561   309075   402013   311665   406496   314255   411011   316845   415557   319435   420135  

01/10/2000 306210   396515   308800   400960   311390   405436   313980   409943   316570   414482   319160   419053  

01/11/2000 305935   395480   308525   399917   311115   404386   313705   408886   316295   413417   318885   417980  

01/12/2000 305660   394453   308250   398883   310840   403345   313430   407837   316020   412361   318610   416917  

01/01/2001 305385   393435   307975   397859   310565   402313   313155   406798   315745   411315   318335   415864  

01/02/2001 305110   392427   307700   396843   310290   401290   312880   405768   315470   410278   318060   414819  

01/03/2001 304835   391428   307425   395837   310015   400277   312605   404748   315195   409250   317785   413784  

01/04/2001 304560   390437   307150   394839   309740   399272   312330   403736   314920   408232   317510   412758  

01/05/2001 304285   389460   306875   393856   309465   398282   312055   402739   314645   407227   317235   411747  

01/06/2001 304010   388492   306600   392880   309190   397300   311780   401750   314370   406231   316960   410744  

01/07/2001 303735   387532   306325   391913   308915   396326   311505   400769   314095   405244   316685   409750  

01/08/2001 303460   386579   306050   390954   308640   395360   311230   399797   313820   404264   316410   408763  

01/09/2001 303185   385635   305775   390003   308365   394402   310955   398832   313545   403293   316135   407785  

01/10/2001 302910   384698   305500   389060   308090   393452   310680   397876   313270   402330   315860   406815  

01/11/2001 302635   383769   305225   388124   307815   392510   310405   396927   312995   401375   315585   405853  

01/12/2001 302360   382848   304950   387197   307540   391576   310130   395986   312720   400427   315310   404899  




CL002B                                              ARMY GROUP INSURANCE FUND                                   Page No. 14 
                                  MATURITY AMOUNT PAYABLE TO MEMBERS OF ARMY GROUP INSURANCE SCHEME
                                                             JCO/OR -- DSC
-------------------------------------------------------------------------------------------------------------------------
                                                   Date on Which Amount Calculated
            ----------------------------------------------------------------------------------------------------------
Date of        31/10/2018        30/11/2018        31/12/2018        31/01/2019        28/02/2019        31/03/2019
Joining     Contri-  Payable  Contri-  Payable  Contri-  Payable  Contri-  Payable  Contri-  Payable  Contri-  Payable
AGI Scheme  buted             buted             buted             buted             buted             buted
-------------------------------------------------------------------------------------------------------------------------
01/01/2002 302085   381934   304675   386277   307265   390650   309855   395053   312445   399488   315035   403953  

01/02/2002 301810   381028   304400   385364   306990   389731   309580   394128   312170   398556   314760   403015  

01/03/2002 301535   380130   304125   384459   306715   388820   309305   393210   311895   397632   314485   402084  

01/04/2002 301260   379238   303850   383562   306440   387916   309030   392300   311620   396715   314210   401162  

01/05/2002 300985   378366   303575   382683   306165   387031   308755   391409   311345   395818   313935   400258  

01/06/2002 300710   377500   303300   381811   305890   386152   308480   390525   311070   394927   313660   399361  

01/07/2002 300435   376640   303025   380945   305615   385281   308205   389647   310795   394043   313385   398471  

01/08/2002 300160   375787   302750   380087   305340   384416   307930   388776   310520   393166   313110   397588  

01/09/2002 299885   374941   302475   379234   305065   383558   307655   387912   310245   392296   312835   396711  

01/10/2002 299610   374100   302200   378388   304790   382706   307380   387053   309970   391432   312560   395841  

01/11/2002 299335   373266   301925   377548   304515   381859   307105   386201   309695   390574   312285   394977  

01/12/2002 299060   372437   301650   376713   304240   381019   306830   385355   309420   389721   312010   394118  

01/01/2003 298785   371614   301375   375884   303965   380184   306555   384514   309145   388875   311735   393266  

01/02/2003 298510   370797   301100   375061   303690   379355   306280   383680   308870   388034   311460   392420  

01/03/2003 298235   369985   300825   374244   303415   378532   306005   382851   308595   387200   311185   391579  

01/04/2003 297960   369179   300550   373432   303140   377715   305730   382028   308320   386371   310910   390745  

01/05/2003 297685   368379   300275   372626   302865   376903   305455   381211   308045   385548   310635   389916  

01/06/2003 297410   367584   300000   371826   302590   376097   305180   380399   307770   384731   310360   389093  

01/07/2003 297135   366795   299725   371031   302315   375297   304905   379593   307495   383919   310085   388275  

01/08/2003 296860   366011   299450   370241   302040   374502   304630   378792   307220   383113   309810   387463  

01/09/2003 296585   365242   299175   369467   301765   373722   304355   378007   306945   382322   309535   386667  

01/10/2003 296060   363752   298650   367967   301240   372211   303830   376486   306420   380790   309010   385124  

01/11/2003 295535   362271   298125   366476   300715   370710   303305   374974   305895   379267   308485   383591  

01/12/2003 295010   360800   297600   364994   300190   369218   302780   373471   305370   377754   307960   382067  




CL002B                                              ARMY GROUP INSURANCE FUND                                   Page No. 15 
                                  MATURITY AMOUNT PAYABLE TO MEMBERS OF ARMY GROUP INSURANCE SCHEME
                                                             JCO/OR -- DSC
-------------------------------------------------------------------------------------------------------------------------
                                                   Date on Which Amount Calculated
            ----------------------------------------------------------------------------------------------------------
Date of        31/10/2018        30/11/2018        31/12/2018        31/01/2019        28/02/2019        31/03/2019
Joining     Contri-  Payable  Contri-  Payable  Contri-  Payable  Contri-  Payable  Contri-  Payable  Contri-  Payable
AGI Scheme  buted             buted             buted             buted             buted             buted
-------------------------------------------------------------------------------------------------------------------------
01/01/2004 294485   359338   297075   363522   299665   367735   302255   371978   304845   376251   307435   380553  

01/02/2004 293960   357885   296550   362059   299140   366262   301730   370495   304320   374757   306910   379049  

01/03/2004 293435   356442   296025   360606   298615   364798   301205   369021   303795   373273   306385   377554  

01/04/2004 292910   355007   295500   359161   298090   363344   300680   367556   303270   371797   305860   376069  

01/05/2004 292385   353600   294975   357743   297565   361916   300155   366118   302745   370350   305335   374611  

01/06/2004 291860   352200   294450   356334   297040   360496   299630   364689   302220   368910   304810   373161  

01/07/2004 291335   350808   293925   354932   296515   359085   299105   363267   301695   367479   304285   371720  

01/08/2004 290810   349424   293400   353538   295990   357682   298580   361854   301170   366055   303760   370287  

01/09/2004 290285   348048   292875   352152   295465   356286   298055   360449   300645   364640   303235   368861  

01/10/2004 289760   346679   292350   350775   294940   354898   297530   359051   300120   363233   302710   367444  

01/11/2004 289235   345319   291825   349404   294415   353519   297005   357662   299595   361834   302185   366036  

01/12/2004 288710   343966   291300   348042   293890   352147   296480   356280   299070   360443   301660   364635  

01/01/2005 288185   342621   290775   346687   293365   350783   295955   354907   298545   359060   301135   363242  

01/02/2005 287410   340681   290000   344734   292590   348816   295180   352926   297770   357065   300360   361233  

01/03/2005 286635   338753   289225   342792   291815   346860   294405   350956   296995   355082   299585   359236  

01/04/2005 285860   336835   288450   340861   291040   344915   293630   348998   296220   353110   298810   357250  

01/05/2005 285085   334952   287675   338965   290265   343006   292855   347075   295445   351173   298035   355300  

01/06/2005 284310   333080   286900   337079   289490   341107   292080   345163   294670   349248   297260   353361  

01/07/2005 283535   331218   286125   335205   288715   339220   291305   343262   293895   347334   296485   351433  

01/08/2005 282760   329367   285350   333341   287940   337343   290530   341372   293120   345430   295710   349517  

01/09/2005 281985   327527   284575   331488   287165   335476   289755   339493   292345   343537   294935   347611  

01/10/2005 281210   325697   283800   329645   286390   333620   288980   337624   291570   341656   294160   345716  

01/11/2005 280435   323877   283025   327812   285615   331775   288205   335766   290795   339784   293385   343831  

01/12/2005 279660   322068   282250   325990   284840   329940   287430   333918   290020   337924   292610   341958  




CL002B                                              ARMY GROUP INSURANCE FUND                                   Page No. 16 
                                  MATURITY AMOUNT PAYABLE TO MEMBERS OF ARMY GROUP INSURANCE SCHEME
                                                             JCO/OR -- DSC
-------------------------------------------------------------------------------------------------------------------------
                                                   Date on Which Amount Calculated
            ----------------------------------------------------------------------------------------------------------
Date of        31/10/2018        30/11/2018        31/12/2018        31/01/2019        28/02/2019        31/03/2019
Joining     Contri-  Payable  Contri-  Payable  Contri-  Payable  Contri-  Payable  Contri-  Payable  Contri-  Payable
AGI Scheme  buted             buted             buted             buted             buted             buted
-------------------------------------------------------------------------------------------------------------------------
01/01/2006 278885   320269   281475   324179   284065   328116   286655   332081   289245   336074   291835   340095  

01/02/2006 278110   318480   280700   322377   283290   326302   285880   330254   288470   334234   291060   338242  

01/03/2006 277335   316701   279925   320586   282515   324498   285105   328438   287695   332405   290285   336400  

01/04/2006 276560   314933   279150   318805   281740   322705   284330   326632   286920   330586   289510   334569  

01/05/2006 275785   313196   278375   317057   280965   320944   283555   324859   286145   328801   288735   332771  

01/06/2006 275010   311470   277600   315318   280190   319193   282780   323096   285370   327025   287960   330983  

01/07/2006 274235   309753   276825   313590   279415   317453   282005   321343   284595   325260   287185   329205  

01/08/2006 273460   308047   276050   311871   278640   315722   281230   319600   283820   323505   286410   327438  

01/09/2006 272685   306350   275275   310162   277865   314001   280455   317867   283045   321760   285635   325680  

01/10/2006 271910   304662   274500   308463   277090   312290   279680   316144   282270   320025   284860   323933  

01/11/2006 271135   302984   273725   306773   276315   310588   278905   314430   281495   318299   284085   322195  

01/12/2006 270360   301316   272950   305093   275540   308897   278130   312727   280720   316584   283310   320468  

01/01/2007 269585   299658   272175   303423   274765   307215   277355   311033   279945   314878   282535   318750  

01/02/2007 268810   298008   271400   301762   273990   305542   276580   309349   279170   313182   281760   317042  

01/03/2007 268035   296369   270625   300111   273215   303879   275805   307674   278395   311496   280985   315344  

01/04/2007 267260   294738   269850   298469   272440   302226   275030   306009   277620   309819   280210   313656  

01/05/2007 266485   293137   269075   296857   271665   300603   274255   304375   276845   308173   279435   311998  

01/06/2007 265710   291546   268300   295255   270890   298989   273480   302750   276070   306537   278660   310350  

01/07/2007 264935   289965   267525   293662   270115   297386   272705   301135   275295   304911   277885   308713  

01/08/2007 264160   288393   266750   292080   269340   295792   271930   299530   274520   303295   277110   307085  

01/09/2007 263385   286831   265975   290507   268565   294208   271155   297935   273745   301688   276335   305468  

01/10/2007 262610   285279   265200   288943   267790   292633   270380   296349   272970   300092   275560   303860  

01/11/2007 261835   283736   264425   287389   267015   291069   269605   294774   272195   298505   274785   302262  

01/12/2007 261060   282202   263650   285845   266240   289513   268830   293207   271420   296927   274010   300673  




CL002B                                              ARMY GROUP INSURANCE FUND                                   Page No. 17 
                                  MATURITY AMOUNT PAYABLE TO MEMBERS OF ARMY GROUP INSURANCE SCHEME
                                                             JCO/OR -- DSC
-------------------------------------------------------------------------------------------------------------------------
                                                   Date on Which Amount Calculated
            ----------------------------------------------------------------------------------------------------------
Date of        31/10/2018        30/11/2018        31/12/2018        31/01/2019        28/02/2019        31/03/2019
Joining     Contri-  Payable  Contri-  Payable  Contri-  Payable  Contri-  Payable  Contri-  Payable  Contri-  Payable
AGI Scheme  buted             buted             buted             buted             buted             buted
-------------------------------------------------------------------------------------------------------------------------
01/01/2008 260285   280677   262875   284309   265465   287967   268055   291650   270645   295360   273235   299095  

01/02/2008 259510   279162   262100   282784   264690   286430   267280   290103   269870   293801   272460   297526  

01/03/2008 258735   277656   261325   281267   263915   284903   266505   288565   269095   292252   271685   295966  

01/04/2008 257960   276159   260550   279759   263140   283385   265730   287036   268320   290713   270910   294416  

01/05/2008 257185   274699   259775   278290   262365   281905   264955   285546   267545   289212   270135   292904  

01/06/2008 256410   273249   259000   276829   261590   280435   264180   284065   266770   287721   269360   291403  

01/07/2008 255635   271809   258225   275379   260815   278974   263405   282594   265995   286240   268585   289911  

01/08/2008 254860   270377   257450   273937   260040   277522   262630   281132   265220   284768   267810   288429  

01/09/2008 254085   268955   256675   272505   259265   276080   261855   279680   264445   283305   267035   286956  

01/10/2008 253310   267543   255900   271083   258490   274648   261080   278238   263670   281853   266260   285493  

01/11/2008 252535   266139   255125   269669   257715   273224   260305   276804   262895   280409   265485   284040  

01/12/2008 251760   264745   254350   268265   256940   271810   259530   275380   262120   278975   264710   282595  

01/01/2009 250985   263359   253575   266870   256165   270405   258755   273965   261345   277550   263935   281161  

01/02/2009 249860   261645   252450   265143   255040   268667   257630   272215   260220   275787   262810   279385  

01/03/2009 248735   259941   251325   263428   253915   266939   256505   270475   259095   274036   261685   277621  

01/04/2009 247610   258248   250200   261723   252790   265223   255380   268746   257970   272295   260560   275868  

01/05/2009 246485   256604   249075   260068   251665   263555   254255   267067   256845   270604   259435   274166  

01/06/2009 245360   254971   247950   258423   250540   261899   253130   265399   255720   268924   258310   272474  

01/07/2009 244235   253348   246825   256788   249415   260253   252005   263742   254595   267255   257185   270793  

01/08/2009 243110   251736   245700   255165   248290   258618   250880   262095   253470   265597   256060   269124  

01/09/2009 241985   250134   244575   253551   247165   256993   249755   260459   252345   263950   254935   267465  

01/10/2009 240860   248542   243450   251949   246040   255379   248630   258834   251220   262313   253810   265816  

01/11/2009 239735   246961   242325   250356   244915   253776   247505   257219   250095   260687   252685   264179  

01/12/2009 238610   245389   241200   248774   243790   252182   246380   255615   248970   259071   251560   262552  




CL002B                                              ARMY GROUP INSURANCE FUND                                   Page No. 18 
                                  MATURITY AMOUNT PAYABLE TO MEMBERS OF ARMY GROUP INSURANCE SCHEME
                                                             JCO/OR -- DSC
-------------------------------------------------------------------------------------------------------------------------
                                                   Date on Which Amount Calculated
            ----------------------------------------------------------------------------------------------------------
Date of        31/10/2018        30/11/2018        31/12/2018        31/01/2019        28/02/2019        31/03/2019
Joining     Contri-  Payable  Contri-  Payable  Contri-  Payable  Contri-  Payable  Contri-  Payable  Contri-  Payable
AGI Scheme  buted             buted             buted             buted             buted             buted
-------------------------------------------------------------------------------------------------------------------------
01/01/2010 237485   243828   240075   247202   242665   250599   245255   254021   247845   257466   250435   260935  

01/02/2010 236360   242277   238950   245640   241540   249027   244130   252437   246720   255871   249310   259329  

01/03/2010 235235   240736   237825   244088   240415   247464   243005   250863   245595   254286   248185   257733  

01/04/2010 234110   239205   236700   242547   239290   245911   241880   249300   244470   252712   247060   256148  

01/05/2010 232985   237696   235575   241026   238165   244380   240755   247758   243345   251159   245935   254584  

01/06/2010 231860   236195   234450   239516   237040   242859   239630   246226   242220   249616   244810   253031  

01/07/2010 230735   234704   233325   238014   235915   241347   238505   244703   241095   248083   243685   251486  

01/08/2010 229610   233222   232200   236521   234790   239844   237380   243190   239970   246559   242560   249952  

01/09/2010 228485   231749   231075   235038   233665   238350   236255   241685   238845   245044   241435   248426  

01/10/2010 227360   230285   229950   233564   232540   236866   235130   240190   237720   243539   240310   246910  

01/11/2010 226235   228830   228825   232099   231415   235390   234005   238705   236595   242042   239185   245403  

01/12/2010 225110   227384   227700   230643   230290   233924   232880   237228   235470   240556   238060   243906  

01/01/2011 223985   225948   226575   229196   229165   232467   231755   235761   234345   239079   236935   242419  

01/02/2011 222860   224521   225450   227759   228040   231020   230630   234304   233220   237611   235810   240941  

01/03/2011 221735   223103   224325   226331   226915   229582   229505   232856   232095   236153   234685   239473  

01/04/2011 220610   221694   223200   224913   225790   228154   228380   231417   230970   234704   233560   238014  

01/05/2011 218540   218691   221130   221888   223720   225108   226310   228351   228900   231616   231490   234904  

01/06/2011 216470   215708   219060   218885   221650   222083   224240   225304   226830   228548   229420   231815  

01/07/2011 214400   212745   216990   215901   219580   219079   222170   222279   224760   225501   227350   228747  

01/08/2011 212330   209803   214920   212938   217510   216095   220100   219274   222690   222475   225280   225699  

01/09/2011 210260   206880   212850   209994   215440   213131   218030   216289   220620   219470   223210   222672  

01/10/2011 208190   203977   210780   207071   213370   210187   215960   213324   218550   216484   221140   219666  

01/11/2011 206120   201093   208710   204167   211300   207263   213890   210380   216480   213519   219070   216680  

01/12/2011 204050   198229   206640   201283   209230   204358   211820   207455   214410   210574   217000   213714  




CL002B                                              ARMY GROUP INSURANCE FUND                                   Page No. 19 
                                  MATURITY AMOUNT PAYABLE TO MEMBERS OF ARMY GROUP INSURANCE SCHEME
                                                             JCO/OR -- DSC
-------------------------------------------------------------------------------------------------------------------------
                                                   Date on Which Amount Calculated
            ----------------------------------------------------------------------------------------------------------
Date of        31/10/2018        30/11/2018        31/12/2018        31/01/2019        28/02/2019        31/03/2019
Joining     Contri-  Payable  Contri-  Payable  Contri-  Payable  Contri-  Payable  Contri-  Payable  Contri-  Payable
AGI Scheme  buted             buted             buted             buted             buted             buted
-------------------------------------------------------------------------------------------------------------------------
01/01/2012 201980   195384   204570   198418   207160   201474   209750   204550   212340   207648   214930   210768  

01/02/2012 199910   192559   202500   195573   205090   198608   207680   201665   210270   204743   212860   207842  

01/03/2012 197840   189752   200430   192747   203020   195762   205610   198799   208200   201857   210790   204936  

01/04/2012 195770   186965   198360   189940   200950   192935   203540   195952   206130   198990   208720   202049  

01/05/2012 193700   184248   196290   187204   198880   190180   201470   193178   204060   196196   206650   199236  

01/06/2012 191630   181549   194220   184486   196810   187444   199400   190422   201990   193421   204580   196441  

01/07/2012 189560   178869   192150   181787   194740   184725   197330   187684   199920   190664   202510   193665  

01/08/2012 187490   176206   190080   179105   192670   182025   195260   184965   197850   187926   200440   190907  

01/09/2012 185420   173561   188010   176442   190600   179343   193190   182264   195780   185206   198370   188168  

01/10/2012 183350   170933   185940   173796   188530   176678   191120   179581   193710   182504   196300   185447  

01/11/2012 181280   168323   183870   171168   186460   174032   189050   176916   191640   179820   194230   182745  

01/12/2012 179210   165731   181800   168557   184390   171403   186980   174268   189570   177154   192160   180060  

01/01/2013 177140   163156   179730   165963   182320   168791   184910   171638   187500   174506   190090   177393  

01/02/2013 175070   160598   177660   163387   180250   166197   182840   169026   185430   171875   188020   174744  

01/03/2013 173000   158056   175590   160828   178180   163620   180770   166431   183360   169262   185950   172112  

01/04/2013 170930   155532   173520   158286   176110   161060   178700   163853   181290   166666   183880   169498  

01/05/2013 168860   153058   171450   155795   174040   158551   176630   161326   179220   164121   181810   166936  

01/06/2013 166790   150599   169380   153319   171970   156058   174560   158816   177150   161593   179740   164390  

01/07/2013 164720   148157   167310   150860   169900   153581   172490   156322   175080   159082   177670   161861  

01/08/2013 162650   145731   165240   148416   167830   151121   170420   153844   173010   156586   175600   159348  

01/09/2013 160580   143320   163170   145989   165760   148676   168350   151382   170940   154108   173530   156852  

01/10/2013 157990   140219   160580   142866   163170   145532   165760   148216   168350   150919   170940   153641  

01/11/2013 155400   137139   157990   139764   160580   142408   163170   145070   165760   147751   168350   150451  

01/12/2013 152810   134078   155400   136682   157990   139304   160580   141945   163170   144604   165760   147281  




CL002B                                              ARMY GROUP INSURANCE FUND                                   Page No. 20 
                                  MATURITY AMOUNT PAYABLE TO MEMBERS OF ARMY GROUP INSURANCE SCHEME
                                                             JCO/OR -- DSC
-------------------------------------------------------------------------------------------------------------------------
                                                   Date on Which Amount Calculated
            ----------------------------------------------------------------------------------------------------------
Date of        31/10/2018        30/11/2018        31/12/2018        31/01/2019        28/02/2019        31/03/2019
Joining     Contri-  Payable  Contri-  Payable  Contri-  Payable  Contri-  Payable  Contri-  Payable  Contri-  Payable
AGI Scheme  buted             buted             buted             buted             buted             buted
-------------------------------------------------------------------------------------------------------------------------
01/01/2014 150220   131038   152810   133620   155400   136221   157990   138840   160580   141477   163170   144133  

01/02/2014 147630   128017   150220   130579   152810   133158   155400   135755   157990   138371   160580   141005  

01/03/2014 145040   125017   147630   127557   150220   130115   152810   132691   155400   135285   157990   137897  

01/04/2014 142450   122035   145040   124555   147630   127092   150220   129647   152810   132219   155400   134810  

01/05/2014 139860   119131   142450   121630   145040   124146   147630   126680   150220   129232   152810   131802  

01/06/2014 137270   116245   139860   118724   142450   121220   145040   123734   147630   126265   150220   128814  

01/07/2014 134680   113379   137270   115837   139860   118313   142450   120806   145040   123317   147630   125846  

01/08/2014 132090   110531   134680   112970   137270   115426   139860   117899   142450   120389   145040   122897  

01/09/2014 129500   107703   132090   110122   134680   112558   137270   115011   139860   117481   142450   119968  

01/10/2014 126910   104893   129500   107293   132090   109709   134680   112141   137270   114591   139860   117059  

01/11/2014 124320   102103   126910   104482   129500   106878   132090   109291   134680   111721   137270   114168  

01/12/2014 121730    99330   124320   101690   126910   104067   129500   106460   132090   108870   134680   111298  

01/01/2015 119140    96576   121730    98917   124320   101274   126910   103648   129500   106038   132090   108446  

01/02/2015 116550    93841   119140    96162   121730    98500   124320   100854   126910   103225   129500   105613  

01/03/2015 113960    91123   116550    93426   119140    95744   121730    98079   124320   100431   126910   102799  

01/04/2015 111370    88424   113960    90707   116550    93007   119140    95323   121730    97655   124320   100003  

01/05/2015 108780    85794   111370    88060   113960    90341   116550    92638   119140    94951   121730    97280  

01/06/2015 106190    83183   108780    85430   111370    87693   113960    89971   116550    92266   119140    94576  

01/07/2015 103600    80590   106190    82819   108780    85063   111370    87323   113960    89599   116550    91891  

01/08/2015 101010    78016   103600    80226   106190    82452   108780    84694   111370    86951   113960    89225  

01/09/2015  98420    75458   101010    77651   103600    79859   106190    82083   108780    84322   111370    86577  

01/10/2015  95830    72919    98420    75094   101010    77284   103600    79490   106190    81711   108780    83947  

01/11/2015  93240    70494    95830    72652    98420    74825   101010    77013   103600    79217   106190    81436  

01/12/2015  90650    68086    93240    70227    95830    72383    98420    74554   101010    76741   103600    78942  




CL002B                                              ARMY GROUP INSURANCE FUND                                   Page No. 21 
                                  MATURITY AMOUNT PAYABLE TO MEMBERS OF ARMY GROUP INSURANCE SCHEME
                                                             JCO/OR -- DSC
-------------------------------------------------------------------------------------------------------------------------
                                                   Date on Which Amount Calculated
            ----------------------------------------------------------------------------------------------------------
Date of        31/10/2018        30/11/2018        31/12/2018        31/01/2019        28/02/2019        31/03/2019
Joining     Contri-  Payable  Contri-  Payable  Contri-  Payable  Contri-  Payable  Contri-  Payable  Contri-  Payable
AGI Scheme  buted             buted             buted             buted             buted             buted
-------------------------------------------------------------------------------------------------------------------------
01/01/2016  88060    65696    90650    67820    93240    69959    95830    72113    98420    74282   101010    76467  

01/02/2016  85470    63322    88060    65430    90650    67552    93240    69689    95830    71841    98420    74009  

01/03/2016  82880    60965    85470    63056    88060    65162    90650    67282    93240    69418    95830    71568  

01/04/2016  80290    58625    82880    60700    85470    62789    88060    64893    90650    67011    93240    69145  

01/05/2016  77700    56350    80290    58408    82880    60481    85470    62569    88060    64671    90650    66788  

01/06/2016  75110    54090    77700    56133    80290    58190    82880    60262    85470    62348    88060    64448  

01/07/2016  72520    51847    75110    53874    77700    55915    80290    57971    82880    60041    85470    62125  

01/08/2016  69930    49619    72520    51631    75110    53656    77700    55696    80290    57750    82880    59818  

01/09/2016  67340    47407    69930    49403    72520    51413    75110    53437    77700    55475    80290    57528  

01/10/2016  64750    45211    67340    47191    69930    49186    72520    51194    75110    53217    77700    55253  

01/11/2016  62160    43233    64750    45199    67340    47180    69930    49174    72520    51182    75110    53205  

01/12/2016  59570    41269    62160    43221    64750    45188    67340    47168    69930    49162    72520    51171  

01/01/2017  56980    39318    59570    41257    62160    43210    64750    45177    67340    47157    69930    49151  

01/02/2017  54390    37382    56980    39307    59570    41246    62160    43199    64750    45165    67340    47145  

01/03/2017  51800    35458    54390    37370    56980    39296    59570    41235    62160    43187    64750    45153  

01/04/2017  49210    33547    51800    35446    54390    37358    56980    39283    59570    41222    62160    43175  

01/05/2017  46620    31678    49210    33564    51800    35463    54390    37375    56980    39300    59570    41239  

01/06/2017  44030    29822    46620    31694    49210    33580    51800    35479    54390    37391    56980    39317  

01/07/2017  41440    27978    44030    29837    46620    31710    49210    33596    51800    35495    54390    37407  

01/08/2017  38850    26146    41440    27992    44030    29852    46620    31725    49210    33611    51800    35510  

01/09/2017  36260    24326    38850    26160    41440    28006    44030    29866    46620    31739    49210    33625  

01/10/2017  33670    22518    36260    24339    38850    26173    41440    28020    44030    29880    46620    31753  

01/11/2017  31080    20721    33670    22530    36260    24351    38850    26186    41440    28033    44030    29893  

01/12/2017  28490    18937    31080    20733    33670    22542    36260    24363    38850    26197    41440    28044  




CL002B                                              ARMY GROUP INSURANCE FUND                                   Page No. 22 
                                  MATURITY AMOUNT PAYABLE TO MEMBERS OF ARMY GROUP INSURANCE SCHEME
                                                             JCO/OR -- DSC
-------------------------------------------------------------------------------------------------------------------------
                                                   Date on Which Amount Calculated
            ----------------------------------------------------------------------------------------------------------
Date of        31/10/2018        30/11/2018        31/12/2018        31/01/2019        28/02/2019        31/03/2019
Joining     Contri-  Payable  Contri-  Payable  Contri-  Payable  Contri-  Payable  Contri-  Payable  Contri-  Payable
AGI Scheme  buted             buted             buted             buted             buted             buted
-------------------------------------------------------------------------------------------------------------------------
01/01/2018  25900    17163    28490    18947    31080    20743    33670    22552    36260    24374    38850    26208  

01/02/2018  23310    15388    25900    17159    28490    18943    31080    20739    33670    22548    36260    24369  

01/03/2018  20720    13623    23310    15382    25900    17153    28490    18937    31080    20733    33670    22542  

01/04/2018  18130    11870    20720    13617    23310    15375    25900    17147    28490    18930    31080    20726  

01/05/2018  15540    10141    18130    11876    20720    13623    23310    15381    25900    17153    28490    18936  

01/06/2018  12950     8424    15540    10146    18130    11881    20720    13628    23310    15386    25900    17158  

01/07/2018  10360     6717    12950     8428    15540    10150    18130    11885    20720    13631    23310    15390  

01/08/2018   7770     5022    10360     6720    12950     8431    15540    10153    18130    11888    20720    13634  

01/09/2018   5180     3337     7770     5024    10360     6722    12950     8433    15540    10155    18130    11890  

01/10/2018   2590     1663     5180     3338     7770     5025    10360     6723    12950     8434    15540    10156  

01/11/2018      0        0     2590     1663     5180     3338     7770     5025    10360     6723    12950     8434  

01/12/2018      0        0        0        0     2590     1663     5180     3338     7770     5025    10360     6723  

01/01/2019      0        0        0        0        0        0     2590     1663     5180     3338     7770     5025  

01/02/2019      0        0        0        0        0        0        0        0     2590     1663     5180     3338  

01/03/2019      0        0        0        0        0        0        0        0        0        0     2590     1663  


--------------------------------------------------  End of Report  ------------------------------------------------------
