


CL002B                                              ARMY GROUP INSURANCE FUND                                   Page No. 1 
                                  MATURITY AMOUNT PAYABLE TO MEMBERS OF ARMY GROUP INSURANCE SCHEME
                                                              GC -- RA
-------------------------------------------------------------------------------------------------------------------------
                                                   Date on Which Amount Calculated
            ----------------------------------------------------------------------------------------------------------
Date of        31/10/2018        30/11/2018        31/12/2018        31/01/2019        28/02/2019        31/03/2019
Joining     Contri-  Payable  Contri-  Payable  Contri-  Payable  Contri-  Payable  Contri-  Payable  Contri-  Payable
AGI Scheme  buted             buted             buted             buted             buted             buted
-------------------------------------------------------------------------------------------------------------------------
01/01/1999 602730   932034   607730   942588   612730   953215   617730   963918   622730   974695   627730   985548  

01/02/1999 602120   929089   607120   939622   612120   950229   617120   960911   622120   971667   627120   982499  

01/03/1999 601510   926171   606510   936684   611510   947270   616510   957931   621510   968666   626510   979477  

01/04/1999 600900   923279   605900   933771   610900   944337   615900   954977   620900   965692   625900   976482  

01/05/1999 600290   920448   605290   930920   610290   941466   615290   952086   620290   962781   625290   973550  

01/06/1999 599680   917642   604680   928095   609680   938622   614680   949222   619680   959896   624680   970645  

01/07/1999 599070   914862   604070   925296   609070   935802   614070   946383   619070   957037   624070   967766  

01/08/1999 598460   912107   603460   922521   608460   933009   613460   943569   618460   954204   623460   964913  

01/09/1999 597850   909377   602850   919772   607850   930240   612850   940781   617850   951396   622850   962086  

01/10/1999 597240   906672   602240   917048   607240   927496   612240   938018   617240   948614   622240   959284  

01/11/1999 596630   903990   601630   914347   606630   924777   611630   935280   616630   945857   621630   956508  

01/12/1999 596020   901333   601020   911672   606020   922083   611020   932567   616020   943124   621020   953756  

01/01/2000 595410   898700   600410   909020   605410   919412   610410   929877   615410   940416   620410   951029  

01/02/2000 594800   896090   599800   906392   604800   916766   609800   927212   614800   937732   619800   948326  

01/03/2000 594190   893504   599190   903787   604190   914143   609190   924571   614190   935073   619190   945648  

01/04/2000 593580   890940   598580   901206   603580   911543   608580   921954   613580   932437   618580   942993  

01/05/2000 592970   888431   597970   898679   602970   908999   607970   919391   612970   929856   617970   940395  

01/06/2000 592360   885944   597360   896175   602360   906477   607360   916852   612360   927299   617360   937820  

01/07/2000 591750   883480   596750   893693   601750   903978   606750   914335   611750   924765   616750   935268  

01/08/2000 591140   881038   596140   891234   601140   901502   606140   911842   611140   922254   616140   932739  

01/09/2000 590530   878618   595530   888797   600530   899048   605530   909370   610530   919765   615530   930233  

01/10/2000 589920   876220   594920   886382   599920   896616   604920   906921   609920   917299   614920   927749  

01/11/2000 589310   873843   594310   883989   599310   894205   604310   904494   609310   914855   614310   925288  

01/12/2000 588700   871488   593700   881617   598700   891817   603700   902089   608700   912432   613700   922849  




CL002B                                              ARMY GROUP INSURANCE FUND                                   Page No. 2 
                                  MATURITY AMOUNT PAYABLE TO MEMBERS OF ARMY GROUP INSURANCE SCHEME
                                                              GC -- RA
-------------------------------------------------------------------------------------------------------------------------
                                                   Date on Which Amount Calculated
            ----------------------------------------------------------------------------------------------------------
Date of        31/10/2018        30/11/2018        31/12/2018        31/01/2019        28/02/2019        31/03/2019
Joining     Contri-  Payable  Contri-  Payable  Contri-  Payable  Contri-  Payable  Contri-  Payable  Contri-  Payable
AGI Scheme  buted             buted             buted             buted             buted             buted
-------------------------------------------------------------------------------------------------------------------------
01/01/2001 588090   869153   593090   879266   598090   889450   603090   899705   608090   910032   613090   920431  

01/02/2001 587480   866840   592480   876936   597480   887104   602480   897342   607480   907653   612480   918036  

01/03/2001 586870   864547   591870   874627   596870   884778   601870   895001   606870   905295   611870   915661  

01/04/2001 586260   862274   591260   872339   596260   882474   601260   892680   606260   902958   611260   913308  

01/05/2001 585650   860032   590650   870081   595650   880200   600650   890390   605650   900652   610650   910986  

01/06/2001 585040   857808   590040   867842   595040   877945   600040   888120   605040   898365   610040   908683  

01/07/2001 584430   855603   589430   865621   594430   875709   599430   885868   604430   896098   609430   906400  

01/08/2001 583820   853417   588820   863419   593820   873492   598820   883635   603820   893849   608820   904135  

01/09/2001 583210   851248   588210   861235   593210   871293   598210   881420   603210   891619   608210   901890  

01/10/2001 582600   849098   587600   859070   592600   869112   597600   879225   602600   889408   607600   899663  

01/11/2001 581990   846966   586990   856923   591990   866950   596990   877047   601990   887215   606990   897454  

01/12/2001 581380   844851   586380   854793   591380   864805   596380   874887   601380   885040   606380   895265  

01/01/2002 580770   842754   585770   852681   590770   862678   595770   872746   600770   882884   605770   893093  

01/02/2002 580160   840674   585160   850587   590160   860569   595160   870622   600160   880745   605160   890939  

01/03/2002 579550   838611   584550   848510   589550   858478   594550   868516   599550   878624   604550   888803  

01/04/2002 578940   836566   583940   846450   588940   856404   593940   866427   598940   876521   603940   886685  

01/05/2002 578330   834562   583330   844432   588330   854371   593330   864381   598330   874460   603330   884610  

01/06/2002 577720   832573   582720   842430   587720   852355   592720   862350   597720   872415   602720   882551  

01/07/2002 577110   830600   582110   840443   587110   850354   592110   860335   597110   870386   602110   880507  

01/08/2002 576500   828642   581500   838471   586500   848368   591500   858335   596500   868372   601500   878479  

01/09/2002 575890   826699   580890   836514   585890   846398   590890   856351   595890   866374   600890   876467  

01/10/2002 575280   824770   580280   834571   585280   844441   590280   854381   595280   864390   600280   874469  

01/11/2002 574670   822854   579670   832642   584670   842499   589670   852424   594670   862420   599670   872485  

01/12/2002 574060   820951   579060   830726   584060   840569   589060   850482   594060   860463   599060   870515  




CL002B                                              ARMY GROUP INSURANCE FUND                                   Page No. 3 
                                  MATURITY AMOUNT PAYABLE TO MEMBERS OF ARMY GROUP INSURANCE SCHEME
                                                              GC -- RA
-------------------------------------------------------------------------------------------------------------------------
                                                   Date on Which Amount Calculated
            ----------------------------------------------------------------------------------------------------------
Date of        31/10/2018        30/11/2018        31/12/2018        31/01/2019        28/02/2019        31/03/2019
Joining     Contri-  Payable  Contri-  Payable  Contri-  Payable  Contri-  Payable  Contri-  Payable  Contri-  Payable
AGI Scheme  buted             buted             buted             buted             buted             buted
-------------------------------------------------------------------------------------------------------------------------
01/01/2003 573450   819062   578450   828824   583450   838654   588450   848552   593450   858521   598450   868559  

01/02/2003 572840   817186   577840   826935   582840   836751   587840   846637   592840   856591   597840   866616  

01/03/2003 572230   815323   577230   825059   582230   834862   587230   844734   592230   854676   597230   864687  

01/04/2003 571620   813473   576620   823196   581620   832986   586620   842845   591620   852773   596620   862771  

01/05/2003 571010   811636   576010   821346   581010   831123   586010   840969   591010   850884   596010   860869  

01/06/2003 570400   809812   575400   819509   580400   829273   585400   839106   590400   849008   595400   858980  

01/07/2003 569790   808001   574790   817684   579790   827436   584790   837256   589790   847145   594790   857104  

01/08/2003 569180   806202   574180   815873   579180   825612   584180   835419   589180   845295   594180   855241  

01/09/2003 568570   804437   573570   814095   578570   823822   583570   833617   588570   843480   593570   853413  

01/10/2003 567960   802683   572960   812329   577960   822044   582960   831826   587960   841677   592960   851597  

01/11/2003 567350   800940   572350   810575   577350   820276   582350   830046   587350   839885   592350   849792  

01/12/2003 566740   799209   571740   808831   576740   818520   581740   828278   586740   838104   591740   847999  

01/01/2004 566130   797488   571130   807098   576130   816776   581130   826521   586130   836335   591130   846217  

01/02/2004 565130   794516   570130   804105   575130   813761   580130   823485   585130   833278   590130   843139  

01/03/2004 564130   791562   569130   801131   574130   810766   579130   820469   584130   830241   589130   840080  

01/04/2004 563130   788627   568130   798175   573130   807790   578130   817472   583130   827223   588130   837041  

01/05/2004 562130   785745   567130   795272   572130   804867   577130   814529   582130   824258   587130   834056  

01/06/2004 561130   782879   566130   792386   571130   801960   576130   811602   581130   821311   586130   831088  

01/07/2004 560130   780029   565130   789517   570130   799071   575130   808692   580130   818380   585130   828137  

01/08/2004 559130   777196   564130   786663   569130   796197   574130   805798   579130   815467   584130   825203  

01/09/2004 558130   774378   563130   783826   568130   793341   573130   802922   578130   812570   583130   822286  

01/10/2004 557130   771578   562130   781006   567130   790500   572130   800061   577130   809689   582130   819385  

01/11/2004 556130   768793   561130   778201   566130   787676   571130   797217   576130   806825   581130   816501  

01/12/2004 555130   766024   560130   775413   565130   784868   570130   794390   575130   803978   580130   813633  




CL002B                                              ARMY GROUP INSURANCE FUND                                   Page No. 4 
                                  MATURITY AMOUNT PAYABLE TO MEMBERS OF ARMY GROUP INSURANCE SCHEME
                                                              GC -- RA
-------------------------------------------------------------------------------------------------------------------------
                                                   Date on Which Amount Calculated
            ----------------------------------------------------------------------------------------------------------
Date of        31/10/2018        30/11/2018        31/12/2018        31/01/2019        28/02/2019        31/03/2019
Joining     Contri-  Payable  Contri-  Payable  Contri-  Payable  Contri-  Payable  Contri-  Payable  Contri-  Payable
AGI Scheme  buted             buted             buted             buted             buted             buted
-------------------------------------------------------------------------------------------------------------------------
01/01/2005 554130   763270   559130   772640   564130   782076   569130   791578   574130   801147   579130   810782  

01/02/2005 553130   760533   558130   769884   563130   779300   568130   788783   573130   798331   578130   807947  

01/03/2005 552130   757811   557130   767143   562130   776540   567130   786003   572130   795532   577130   805129  

01/04/2005 551130   755105   556130   764417   561130   773795   566130   783239   571130   792749   576130   802326  

01/05/2005 550130   752445   555130   761739   560130   771098   565130   780523   570130   790014   575130   799572  

01/06/2005 549130   749800   554130   759075   559130   768416   564130   777822   569130   787294   574130   796833  

01/07/2005 548130   747170   553130   756428   558130   765750   563130   775137   568130   784590   573130   794110  

01/08/2005 546630   743249   551630   752479   556630   761773   561630   771132   566630   780558   571630   790049  

01/09/2005 545130   739350   550130   748552   555130   757819   560130   767151   565130   776548   570130   786011  

01/10/2005 543630   735473   548630   744649   553630   753888   558630   763192   563630   772562   568630   781997  

01/11/2005 542130   731619   547130   740767   552130   749979   557130   759256   562130   768598   567130   778005  

01/12/2005 540630   727787   545630   736908   550630   746093   555630   755343   560630   764657   565630   774037  

01/01/2006 539130   723977   544130   733071   549130   742229   554130   751452   559130   760739   564130   770091  

01/02/2006 537630   720188   542630   729256   547630   738388   552630   747583   557630   756843   562630   766168  

01/03/2006 536130   716422   541130   725463   546130   734568   551130   743737   556130   752970   561130   762267  

01/04/2006 534630   712677   539630   721692   544630   730770   549630   739912   554630   749118   559630   758389  

01/05/2006 533130   708996   538130   717985   543130   727037   548130   736153   553130   745333   558130   754577  

01/06/2006 531630   705336   536630   714300   541630   723326   546630   732416   551630   741570   556630   750788  

01/07/2006 530130   701698   535130   710636   540130   719637   545130   728701   550130   737828   555130   747020  

01/08/2006 528630   698081   533630   706993   538630   715969   543630   725007   548630   734109   553630   743274  

01/09/2006 527130   694484   532130   703372   537130   712322   542130   721334   547130   730410   552130   739550  

01/10/2006 525630   690909   530630   699771   535630   708696   540630   717683   545630   726733   550630   735847  

01/11/2006 524130   687353   529130   696191   534130   705090   539130   714052   544130   723077   549130   732165  

01/12/2006 522630   683819   527630   692632   532630   701506   537630   710443   542630   719442   547630   728505  




CL002B                                              ARMY GROUP INSURANCE FUND                                   Page No. 5 
                                  MATURITY AMOUNT PAYABLE TO MEMBERS OF ARMY GROUP INSURANCE SCHEME
                                                              GC -- RA
-------------------------------------------------------------------------------------------------------------------------
                                                   Date on Which Amount Calculated
            ----------------------------------------------------------------------------------------------------------
Date of        31/10/2018        30/11/2018        31/12/2018        31/01/2019        28/02/2019        31/03/2019
Joining     Contri-  Payable  Contri-  Payable  Contri-  Payable  Contri-  Payable  Contri-  Payable  Contri-  Payable
AGI Scheme  buted             buted             buted             buted             buted             buted
-------------------------------------------------------------------------------------------------------------------------
01/01/2007 521130   680305   526130   689093   531130   697942   536130   706854   541130   715828   546130   724866  

01/02/2007 519630   676810   524630   685574   529630   694399   534630   703286   539630   712235   544630   721247  

01/03/2007 518130   673336   523130   682076   528130   690876   533130   699738   538130   708663   543130   717650  

01/04/2007 516630   669882   521630   678597   526630   687373   531630   696211   536630   705111   541630   714073  

01/05/2007 515130   666488   520130   675179   525130   683931   530130   692745   535130   701620   540130   710558  

01/06/2007 513630   663115   518630   671782   523630   680510   528630   689300   533630   698151   538630   707064  

01/07/2007 512130   659762   517130   668406   522130   677110   527130   685876   532130   694703   537130   703592  

01/08/2007 510630   656430   515630   665050   520630   673731   525630   682473   530630   691276   535630   700141  

01/09/2007 509130   653118   514130   661715   519130   670373   524130   679091   529130   687871   534130   696712  

01/10/2007 507630   649826   512630   658401   517630   667035   522630   675730   527630   684486   532630   693303  

01/11/2007 506130   646555   511130   655107   516130   663718   521130   672390   526130   681122   531130   689916  

01/12/2007 504630   643304   509630   651833   514630   660421   519630   669069   524630   677779   529630   686549  

01/01/2008 503130   640073   508130   648579   513130   657144   518130   665770   523130   674456   528130   683203  

01/02/2008 501630   636861   506630   645345   511630   653887   516630   662490   521630   671153   526630   679877  

01/03/2008 500130   633669   505130   642130   510130   650651   515130   659231   520130   667871   525130   676572  

01/04/2008 498630   630497   503630   638936   508630   647434   513630   655991   518630   664609   523630   673286  

01/05/2008 497130   627399   502130   635816   507130   644292   512130   652827   517130   661423   522130   670078  

01/06/2008 495630   624321   500630   632717   505630   641171   510630   649685   515630   658258   520630   666891  

01/07/2008 494130   621264   499130   629638   504130   638071   509130   646562   514130   655114   519130   663725  

01/08/2008 492630   618227   497630   626579   502630   634990   507630   643461   512630   651990   517630   660580  

01/09/2008 491130   615209   496130   623541   501130   631930   506130   640379   511130   648887   516130   657455  

01/10/2008 489630   612211   494630   620522   499630   628890   504630   637318   509630   645804   514630   654350  

01/11/2008 488130   609233   493130   617523   498130   625870   503130   634277   508130   642742   513130   651266  

01/12/2008 486630   606275   491630   614543   496630   622870   501630   631255   506630   639699   511630   648202  




CL002B                                              ARMY GROUP INSURANCE FUND                                   Page No. 6 
                                  MATURITY AMOUNT PAYABLE TO MEMBERS OF ARMY GROUP INSURANCE SCHEME
                                                              GC -- RA
-------------------------------------------------------------------------------------------------------------------------
                                                   Date on Which Amount Calculated
            ----------------------------------------------------------------------------------------------------------
Date of        31/10/2018        30/11/2018        31/12/2018        31/01/2019        28/02/2019        31/03/2019
Joining     Contri-  Payable  Contri-  Payable  Contri-  Payable  Contri-  Payable  Contri-  Payable  Contri-  Payable
AGI Scheme  buted             buted             buted             buted             buted             buted
-------------------------------------------------------------------------------------------------------------------------
01/01/2009 485130   603335   490130   611583   495130   619889   500130   628254   505130   636676   510130   645158  

01/02/2009 482940   599210   487940   607429   492940   615706   497940   624041   502940   632435   507940   640887  

01/03/2009 480750   595112   485750   603302   490750   611550   495750   619856   500750   628220   505750   636643  

01/04/2009 478560   591041   483560   599202   488560   607422   493560   615698   498560   624033   503560   632427  

01/05/2009 476370   587069   481370   595203   486370   603394   491370   611643   496370   619949   501370   628314  

01/06/2009 474180   583124   479180   591230   484180   599394   489180   607614   494180   615892   499180   624229  

01/07/2009 471990   579205   476990   587284   481990   595419   486990   603612   491990   611862   496990   620170  

01/08/2009 469800   575312   474800   583363   479800   591472   484800   599636   489800   607859   494800   616138  

01/09/2009 467610   571444   472610   579469   477610   587550   482610   595687   487610   603882   492610   612133  

01/10/2009 465420   567602   470420   575600   475420   583654   480420   591764   485420   599931   490420   608155  

01/11/2009 463230   563786   468230   571757   473230   579783   478230   587866   483230   596006   488230   604202  

01/12/2009 461040   559994   466040   567939   471040   575938   476040   583994   481040   592107   486040   600276  

01/01/2010 458850   556228   463850   564146   468850   572119   473850   580148   478850   588233   483850   596376  

01/02/2010 456660   552486   461660   560378   466660   568324   471660   576327   476660   584386   481660   592501  

01/03/2010 454470   548769   459470   556634   464470   564555   469470   572531   474470   580563   479470   588652  

01/04/2010 452280   545076   457280   552916   462280   560810   467280   568760   472280   576766   477280   584828  

01/05/2010 450090   541430   455090   549244   460090   557113   465090   565037   470090   573017   475090   581052  

01/06/2010 447900   537807   452900   545596   457900   553439   462900   561337   467900   569291   472900   577300  

01/07/2010 445710   534207   450710   541970   455710   549788   460710   557660   465710   565588   470710   573572  

01/08/2010 443520   530629   448520   538367   453520   546160   458520   554007   463520   561909   468520   569866  

01/09/2010 441330   527073   446330   534787   451330   542554   456330   550376   461330   558252   466330   566184  

01/10/2010 439140   523540   444140   531228   449140   538971   454140   546767   459140   554619   464140   562525  

01/11/2010 436950   520029   441950   527693   446950   535410   451950   543182   456950   551008   461950   558889  

01/12/2010 434760   516541   439760   524180   444760   531873   449760   539620   454760   547421   459760   555277  




CL002B                                              ARMY GROUP INSURANCE FUND                                   Page No. 7 
                                  MATURITY AMOUNT PAYABLE TO MEMBERS OF ARMY GROUP INSURANCE SCHEME
                                                              GC -- RA
-------------------------------------------------------------------------------------------------------------------------
                                                   Date on Which Amount Calculated
            ----------------------------------------------------------------------------------------------------------
Date of        31/10/2018        30/11/2018        31/12/2018        31/01/2019        28/02/2019        31/03/2019
Joining     Contri-  Payable  Contri-  Payable  Contri-  Payable  Contri-  Payable  Contri-  Payable  Contri-  Payable
AGI Scheme  buted             buted             buted             buted             buted             buted
-------------------------------------------------------------------------------------------------------------------------
01/01/2011 432570   513075   437570   520690   442570   528359   447570   536081   452570   543857   457570   551688  

01/02/2011 430380   509633   435380   517224   440380   524868   445380   532565   450380   540317   455380   548123  

01/03/2011 428190   506213   433190   513780   438190   521400   443190   529073   448190   536800   453190   544582  

01/04/2011 426000   502816   431000   510359   436000   517955   441000   525604   446000   533307   451000   541064  

01/05/2011 422000   496161   427000   503657   432000   511206   437000   518808   442000   526463   447000   534172  

01/06/2011 418000   489552   423000   497002   428000   504504   433000   512059   438000   519667   443000   527328  

01/07/2011 414000   482988   419000   490392   424000   497848   429000   505356   434000   512917   439000   520531  

01/08/2011 410000   476469   415000   483827   420000   491237   425000   498699   430000   506213   435000   513780  

01/09/2011 406000   469994   411000   477307   416000   484671   421000   492087   426000   499555   431000   507075  

01/10/2011 402000   463564   407000   470832   412000   478150   417000   485520   422000   492942   427000   500416  

01/11/2011 398000   457178   403000   464401   408000   471674   413000   478999   418000   486375   423000   493802  

01/12/2011 394000   450835   399000   458013   404000   465242   409000   472522   414000   479852   419000   487234  

01/01/2012 390000   444535   395000   451670   400000   458854   405000   466088   410000   473374   415000   480710  

01/02/2012 386000   438279   391000   445369   396000   452509   401000   459699   406000   466940   411000   474231  

01/03/2012 382000   432065   387000   439111   392000   446208   397000   453354   402000   460550   407000   467796  

01/04/2012 378000   425893   383000   432896   388000   439949   393000   447051   398000   454203   403000   461405  

01/05/2012 374000   419864   379000   426825   384000   433835   389000   440894   394000   448003   399000   455161  

01/06/2012 370000   413875   375000   420794   380000   427762   385000   434779   390000   441844   395000   448960  

01/07/2012 366000   407927   371000   414804   376000   421730   381000   428704   386000   435728   391000   442800  

01/08/2012 362000   402019   367000   408855   372000   415739   377000   422671   382000   429652   387000   436682  

01/09/2012 358000   396150   363000   402945   368000   409788   373000   416678   378000   423617   383000   430605  

01/10/2012 354000   390322   359000   397075   364000   403877   369000   410726   374000   417623   379000   424568  

01/11/2012 350000   384532   355000   391245   360000   398006   365000   404813   370000   411669   375000   418573  

01/12/2012 346000   378781   351000   385454   356000   392174   361000   398941   366000   405755   371000   412617  




CL002B                                              ARMY GROUP INSURANCE FUND                                   Page No. 8 
                                  MATURITY AMOUNT PAYABLE TO MEMBERS OF ARMY GROUP INSURANCE SCHEME
                                                              GC -- RA
-------------------------------------------------------------------------------------------------------------------------
                                                   Date on Which Amount Calculated
            ----------------------------------------------------------------------------------------------------------
Date of        31/10/2018        30/11/2018        31/12/2018        31/01/2019        28/02/2019        31/03/2019
Joining     Contri-  Payable  Contri-  Payable  Contri-  Payable  Contri-  Payable  Contri-  Payable  Contri-  Payable
AGI Scheme  buted             buted             buted             buted             buted             buted
-------------------------------------------------------------------------------------------------------------------------
01/01/2013 342000   373069   347000   379702   352000   386381   357000   393107   362000   399881   367000   406702  

01/02/2013 338000   367395   343000   373988   348000   380628   353000   387313   358000   394046   363000   400826  

01/03/2013 334000   361759   339000   368313   344000   374912   349000   381558   354000   388251   359000   394990  

01/04/2013 330000   356161   335000   362676   340000   369236   345000   375842   350000   382494   355000   389193  

01/05/2013 326000   350665   331000   357140   336000   363662   341000   370229   346000   376842   351000   383501  

01/06/2013 322000   345204   327000   351642   332000   358124   337000   364652   342000   371226   347000   377846  

01/07/2013 318000   339780   323000   346179   328000   352624   333000   359113   338000   365648   343000   372229  

01/08/2013 314000   334391   319000   340753   324000   347159   329000   353610   334000   360107   339000   366649  

01/09/2013 310000   329038   315000   335362   320000   341731   325000   348144   330000   354602   335000   361105  

01/10/2013 305000   322211   310000   328487   315000   334807   320000   341172   325000   347581   330000   354035  

01/11/2013 300000   315429   305000   321657   310000   327929   315000   334246   320000   340606   325000   347012  

01/12/2013 295000   308691   300000   314872   305000   321097   310000   327365   315000   333678   320000   340034  

01/01/2014 290000   301998   295000   308132   300000   314310   305000   320531   310000   326795   315000   333103  

01/02/2014 285000   295349   290000   301437   295000   307567   300000   313741   305000   319957   310000   326218  

01/03/2014 280000   288744   285000   294785   290000   300869   295000   306996   300000   313165   305000   319378  

01/04/2014 275000   282182   280000   288178   285000   294215   290000   300295   295000   306417   300000   312583  

01/05/2014 270000   275774   275000   281724   280000   287716   285000   293750   290000   299827   295000   305946  

01/06/2014 265000   269408   270000   275313   275000   281261   280000   287250   285000   293280   290000   299354  

01/07/2014 260000   263084   265000   268946   270000   274848   275000   280792   280000   286778   285000   292806  

01/08/2014 255000   256803   260000   262621   265000   268479   270000   274378   275000   280319   280000   286301  

01/09/2014 250000   250565   255000   256338   260000   262152   265000   268007   270000   273903   275000   279840  

01/10/2014 245000   244367   250000   250097   255000   255868   260000   261679   265000   267530   270000   273423  

01/11/2014 240000   238212   245000   243898   250000   249625   255000   255392   260000   261200   265000   267048  

01/12/2014 235000   232097   240000   237741   245000   243425   250000   249148   255000   254912   260000   260716  




CL002B                                              ARMY GROUP INSURANCE FUND                                   Page No. 9 
                                  MATURITY AMOUNT PAYABLE TO MEMBERS OF ARMY GROUP INSURANCE SCHEME
                                                              GC -- RA
-------------------------------------------------------------------------------------------------------------------------
                                                   Date on Which Amount Calculated
            ----------------------------------------------------------------------------------------------------------
Date of        31/10/2018        30/11/2018        31/12/2018        31/01/2019        28/02/2019        31/03/2019
Joining     Contri-  Payable  Contri-  Payable  Contri-  Payable  Contri-  Payable  Contri-  Payable  Contri-  Payable
AGI Scheme  buted             buted             buted             buted             buted             buted
-------------------------------------------------------------------------------------------------------------------------
01/01/2015 230000   226023   235000   231625   240000   237265   245000   242946   250000   248666   255000   254426  

01/02/2015 225000   219990   230000   225549   235000   231147   240000   236785   245000   242461   250000   248178  

01/03/2015 220000   213997   225000   219514   230000   225070   235000   230665   240000   236299   245000   241972  

01/04/2015 215000   208044   220000   213519   225000   219033   230000   224586   235000   230177   240000   235808  

01/05/2015 210000   202232   215000   207666   220000   213139   225000   218650   230000   224200   235000   229788  

01/06/2015 205000   196460   210000   201854   215000   207286   220000   212756   225000   218264   230000   223811  

01/07/2015 200000   190728   205000   196082   210000   201474   215000   206903   220000   212370   225000   217876  

01/08/2015 195000   185037   200000   190351   205000   195702   210000   201091   215000   206517   220000   211982  

01/09/2015 190000   179385   195000   184659   200000   189970   205000   195319   210000   200705   215000   206129  

01/10/2015 185000   173772   190000   179007   195000   184279   200000   189587   205000   194933   210000   200317  

01/11/2015 180000   168195   185000   173391   190000   178623   195000   183892   200000   189198   205000   194541  

01/12/2015 175000   162658   180000   167815   185000   173008   190000   178237   195000   183504   200000   188807  

01/01/2016 170000   157160   175000   162278   180000   167433   185000   172623   190000   177850   195000   183113  

01/02/2016 165000   151701   170000   156782   175000   161897   180000   167049   185000   172237   190000   177461  

01/03/2016 160000   146282   165000   151324   170000   156402   175000   161515   180000   166664   185000   171849  

01/04/2016 155000   140901   160000   145906   165000   150945   170000   156020   175000   161130   180000   166277  

01/05/2016 150000   135651   155000   140619   160000   145621   165000   150659   170000   155732   175000   160840  

01/06/2016 145000   130439   150000   135370   155000   140335   160000   145336   165000   150371   170000   155442  

01/07/2016 140000   125263   145000   130157   150000   135086   155000   140050   160000   145048   165000   150082  

01/08/2016 135000   120124   140000   124982   145000   129875   150000   134802   155000   139763   160000   144760  

01/09/2016 130000   115021   135000   119844   140000   124700   145000   129591   150000   134516   155000   139475  

01/10/2016 125000   109954   130000   114741   135000   119562   140000   124417   145000   129306   150000   134229  

01/11/2016 120000   105129   125000   109882   130000   114669   135000   119489   140000   124343   145000   129231  

01/12/2016 115000   100337   120000   105057   125000   109810   130000   114596   135000   119416   140000   124270  




CL002B                                              ARMY GROUP INSURANCE FUND                                   Page No. 10 
                                  MATURITY AMOUNT PAYABLE TO MEMBERS OF ARMY GROUP INSURANCE SCHEME
                                                              GC -- RA
-------------------------------------------------------------------------------------------------------------------------
                                                   Date on Which Amount Calculated
            ----------------------------------------------------------------------------------------------------------
Date of        31/10/2018        30/11/2018        31/12/2018        31/01/2019        28/02/2019        31/03/2019
Joining     Contri-  Payable  Contri-  Payable  Contri-  Payable  Contri-  Payable  Contri-  Payable  Contri-  Payable
AGI Scheme  buted             buted             buted             buted             buted             buted
-------------------------------------------------------------------------------------------------------------------------
01/01/2017 110000    95580   115000   100266   120000   104986   125000   109738   130000   114524   135000   119343  

01/02/2017 105000    90856   110000    95509   115000   100195   120000   104914   125000   109666   130000   114451  

01/03/2017 100000    86164   105000    90784   110000    95437   115000   100122   120000   104841   125000   109592  

01/04/2017  95000    81503   100000    86091   105000    90711   110000    95363   115000   100048   120000   104766  

01/05/2017  90000    76930    95000    81486   100000    86073   105000    90693   110000    95345   115000   100030  

01/06/2017  85000    72387    90000    76911    95000    81466   100000    86054   105000    90674   110000    95326  

01/07/2017  80000    67874    85000    72366    90000    76890    95000    81445   100000    86033   105000    90652  

01/08/2017  75000    63391    80000    67852    85000    72344    90000    76867    95000    81422   100000    86009  

01/09/2017  70000    58937    75000    63367    80000    67827    85000    72319    90000    76842    95000    81397  

01/10/2017  65000    54513    70000    58911    75000    63341    80000    67801    85000    72292    90000    76815  

01/11/2017  60000    50118    65000    54485    70000    58883    75000    63312    80000    67773    85000    72264  

01/12/2017  55000    45751    60000    50087    65000    54455    70000    58853    75000    63282    80000    67741  

01/01/2018  50000    41411    55000    45718    60000    50054    65000    54422    70000    58819    75000    63248  

01/02/2018  45000    37132    50000    41408    55000    45714    60000    50051    65000    54418    70000    58816  

01/03/2018  40000    32879    45000    37126    50000    41402    55000    45709    60000    50045    65000    54412  

01/04/2018  35000    28654    40000    32871    45000    37117    50000    41393    55000    45700    60000    50036  

01/05/2018  30000    24481    35000    28669    40000    32886    45000    37133    50000    41409    55000    45715  

01/06/2018  25000    20335    30000    24494    35000    28682    40000    32899    45000    37146    50000    41422  

01/07/2018  20000    16216    25000    20346    30000    24504    35000    28692    40000    32910    45000    37156  

01/08/2018  15000    12123    20000    16224    25000    20354    30000    24513    35000    28701    40000    32918  

01/09/2018  10000     8056    15000    12129    20000    16230    25000    20360    30000    24518    35000    28706  

01/10/2018   5000     4015    10000     8060    15000    12132    20000    16233    25000    20363    30000    24522  

01/11/2018      0        0     5000     4015    10000     8060    15000    12132    20000    16233    25000    20363  

01/12/2018      0        0        0        0     5000     4015    10000     8060    15000    12132    20000    16233  




CL002B                                              ARMY GROUP INSURANCE FUND                                   Page No. 11 
                                  MATURITY AMOUNT PAYABLE TO MEMBERS OF ARMY GROUP INSURANCE SCHEME
                                                              GC -- RA
-------------------------------------------------------------------------------------------------------------------------
                                                   Date on Which Amount Calculated
            ----------------------------------------------------------------------------------------------------------
Date of        31/10/2018        30/11/2018        31/12/2018        31/01/2019        28/02/2019        31/03/2019
Joining     Contri-  Payable  Contri-  Payable  Contri-  Payable  Contri-  Payable  Contri-  Payable  Contri-  Payable
AGI Scheme  buted             buted             buted             buted             buted             buted
-------------------------------------------------------------------------------------------------------------------------
01/01/2019      0        0        0        0        0        0     5000     4015    10000     8060    15000    12132  

01/02/2019      0        0        0        0        0        0        0        0     5000     4015    10000     8060  

01/03/2019      0        0        0        0        0        0        0        0        0        0     5000     4015  


--------------------------------------------------  End of Report  ------------------------------------------------------
