


CL002B                                              ARMY GROUP INSURANCE FUND                                   Page No. 1 
                                  MATURITY AMOUNT PAYABLE TO MEMBERS OF ARMY GROUP INSURANCE SCHEME
                                                             JCO/OR -- RA
-------------------------------------------------------------------------------------------------------------------------
                                                   Date on Which Amount Calculated
            ----------------------------------------------------------------------------------------------------------
Date of        31/10/2018        30/11/2018        31/12/2018        31/01/2019        28/02/2019        31/03/2019
Joining     Contri-  Payable  Contri-  Payable  Contri-  Payable  Contri-  Payable  Contri-  Payable  Contri-  Payable
AGI Scheme  buted             buted             buted             buted             buted             buted
-------------------------------------------------------------------------------------------------------------------------
01/01/1976 321775   812560   324275   820307   326775   828108   329275   835964   331775   843875   334275   851842  

01/02/1976 321770   812347   324270   820092   326770   827892   329270   835747   331770   843657   334270   851622  

01/03/1976 321765   812134   324265   819878   326765   827677   329265   835530   331765   843438   334265   851402  

01/04/1976 321760   811921   324260   819664   326760   827461   329260   835312   331760   843219   334260   851181  

01/05/1976 321755   811709   324255   819450   326755   827245   329255   835095   331755   843000   334255   850961  

01/06/1976 321750   811496   324250   819235   326750   827029   329250   834878   331750   842781   334250   850740  

01/07/1976 321745   811283   324245   819021   326745   826813   329245   834660   331745   842563   334245   850520  

01/08/1976 321740   811070   324240   818807   326740   826598   329240   834443   331740   842344   334240   850300  

01/09/1976 321735   810878   324235   818614   326735   826403   329235   834247   331735   842147   334235   850101  

01/10/1976 321730   810687   324230   818421   326730   826209   329230   834052   331730   841949   334230   849903  

01/11/1976 321725   810453   324225   818185   326725   825972   329225   833813   331725   841709   334225   849660  

01/12/1976 321720   810261   324220   817992   326720   825777   329220   833617   331720   841512   334220   849462  

01/01/1977 321715   810069   324215   817799   326715   825583   329215   833421   331715   841314   334215   849263  

01/02/1977 321710   809877   324210   817606   326710   825388   329210   833225   331710   841117   334210   849065  

01/03/1977 321705   809665   324205   817391   326705   825172   329205   833008   331705   840898   334205   848844  

01/04/1977 321700   809473   324200   817198   326700   824978   329200   832812   331700   840701   334200   848646  

01/05/1977 321695   809281   324195   817005   326695   824783   329195   832616   331695   840504   334195   848447  

01/06/1977 321690   809068   324190   816791   326690   824568   329190   832399   331690   840285   334190   848227  

01/07/1977 321685   808877   324185   816598   326685   824373   329185   832203   331685   840088   334185   848028  

01/08/1977 321680   808685   324180   816405   326680   824179   329180   832007   331680   839891   334180   847829  

01/09/1977 321675   808514   324175   816233   326675   824006   329175   831833   331675   839715   334175   847653  

01/10/1977 321670   808301   324170   816018   326670   823790   329170   831616   331670   839496   334170   847432  

01/11/1977 321665   808109   324165   815825   326665   823595   329165   831420   331665   839299   334165   847234  

01/12/1977 321660   807939   324160   815653   326660   823422   329160   831245   331660   839123   334160   847057  




CL002B                                              ARMY GROUP INSURANCE FUND                                   Page No. 2 
                                  MATURITY AMOUNT PAYABLE TO MEMBERS OF ARMY GROUP INSURANCE SCHEME
                                                             JCO/OR -- RA
-------------------------------------------------------------------------------------------------------------------------
                                                   Date on Which Amount Calculated
            ----------------------------------------------------------------------------------------------------------
Date of        31/10/2018        30/11/2018        31/12/2018        31/01/2019        28/02/2019        31/03/2019
Joining     Contri-  Payable  Contri-  Payable  Contri-  Payable  Contri-  Payable  Contri-  Payable  Contri-  Payable
AGI Scheme  buted             buted             buted             buted             buted             buted
-------------------------------------------------------------------------------------------------------------------------
01/01/1978 321655   807747   324155   815460   326655   823228   329155   831049   331655   838926   334155   846858  

01/02/1978 321630   806326   324130   814029   326630   821787   329130   829598   331630   837465   334130   845387  

01/03/1978 321605   804905   324105   812598   326605   820346   329105   828147   331605   836004   334105   843915  

01/04/1978 321580   803484   324080   811168   326580   818905   329080   826696   331580   834543   334080   842444  

01/05/1978 321555   802084   324055   809758   326555   817485   329055   825267   331555   833103   334055   840994  

01/06/1978 321530   800705   324030   808369   326530   816087   329030   823859   331530   831685   334030   839566  

01/07/1978 321505   799326   324005   806981   326505   814689   329005   822451   331505   830267   334005   838138  

01/08/1978 321480   797969   323980   805613   326480   813312   328980   821064   331480   828871   333980   836732  

01/09/1978 321455   796611   323955   804246   326455   811935   328955   819677   331455   827474   333955   835326  

01/10/1978 321430   795274   323930   802900   326430   810579   328930   818312   331430   826099   333930   833941  

01/11/1978 321405   793958   323905   801574   326405   809244   328905   816968   331405   824746   333905   832579  

01/12/1978 321380   792621   323880   800228   326380   807889   328880   815603   331380   823371   333880   831194  

01/01/1979 321355   791305   323855   798903   326355   806554   328855   814259   331355   822018   333855   829832  

01/02/1979 321330   790010   323830   797599   326330   805241   328830   812937   331330   820686   333830   828491  

01/03/1979 321305   788736   323805   796316   326305   803949   328805   811636   331305   819376   333805   827171  

01/04/1979 321280   787462   323780   795033   326280   802657   328780   810335   331280   818066   333780   825852  

01/05/1979 321255   786188   323755   793750   326255   801366   328755   809034   331255   816756   333755   824533  

01/06/1979 321230   784914   323730   792468   326230   800074   328730   807733   331230   815446   333730   823214  

01/07/1979 321205   783683   323705   791227   326205   798824   328705   806475   331205   814180   333705   821938  

01/08/1979 321180   782451   323680   789986   326180   797575   328680   805217   331180   812913   333680   820662  

01/09/1979 321155   781219   323655   788746   326155   796326   328655   803959   331155   811646   333655   819386  

01/10/1979 321130   780008   323630   787527   326130   795098   328630   802723   331130   810401   333630   818132  

01/11/1979 321105   778797   323605   786307   326105   793870   328605   801486   331105   809155   333605   816879  

01/12/1979 321080   777586   323580   785088   326080   792642   328580   800249   331080   807910   333580   815625  




CL002B                                              ARMY GROUP INSURANCE FUND                                   Page No. 3 
                                  MATURITY AMOUNT PAYABLE TO MEMBERS OF ARMY GROUP INSURANCE SCHEME
                                                             JCO/OR -- RA
-------------------------------------------------------------------------------------------------------------------------
                                                   Date on Which Amount Calculated
            ----------------------------------------------------------------------------------------------------------
Date of        31/10/2018        30/11/2018        31/12/2018        31/01/2019        28/02/2019        31/03/2019
Joining     Contri-  Payable  Contri-  Payable  Contri-  Payable  Contri-  Payable  Contri-  Payable  Contri-  Payable
AGI Scheme  buted             buted             buted             buted             buted             buted
-------------------------------------------------------------------------------------------------------------------------
01/01/1980 321055   776417   323555   783911   326055   791457   328555   799056   331055   806708   333555   814414  

01/02/1980 321025   775077   323525   782561   326025   790098   328525   797688   331025   805330   333525   813027  

01/03/1980 320995   773738   323495   781212   325995   788740   328495   796320   330995   803953   333495   811639  

01/04/1980 320965   772398   323465   779863   325965   787381   328465   794951   330965   802575   333465   810252  

01/05/1980 320935   771100   323435   778556   325935   786065   328435   793626   330935   801240   333435   808908  

01/06/1980 320905   769803   323405   777250   325905   784749   328405   792301   330905   799906   333405   807564  

01/07/1980 320875   768505   323375   775943   325875   783433   328375   790976   330875   798571   333375   806220  

01/08/1980 320845   767207   323345   774636   325845   782117   328345   789651   330845   797237   333345   804877  

01/09/1980 320815   765951   323315   773372   325815   780844   328315   788368   330815   795946   333315   803576  

01/10/1980 320785   764675   323285   772086   325785   779549   328285   787065   330785   794633   333285   802254  

01/11/1980 320755   763419   323255   770821   325755   778276   328255   785782   330755   793341   333255   800954  

01/12/1980 320725   762184   323225   769578   325725   777024   328225   784521   330725   792072   333225   799675  

01/01/1981 320695   760971   323195   768356   325695   775793   328195   783282   330695   790824   333195   798418  

01/02/1981 320665   759736   323165   767112   325665   774541   328165   782021   330665   789554   333165   797140  

01/03/1981 320635   758522   323135   765890   325635   773310   328135   780782   330635   788306   333135   795883  

01/04/1981 320605   757330   323105   764689   325605   772100   328105   779564   330605   787079   333105   794648  

01/05/1981 320555   755328   323055   762673   325555   770070   328055   777519   330555   785021   333055   792575  

01/06/1981 320505   753368   323005   760700   325505   768083   328005   775518   330505   783005   333005   790545  

01/07/1981 320455   751429   322955   758747   325455   766117   327955   773538   330455   781011   332955   788537  

01/08/1981 320405   749469   322905   756774   325405   764129   327905   771537   330405   778996   332905   786508  

01/09/1981 320355   747551   322855   754842   325355   762185   327855   769578   330355   777024   332855   784522  

01/10/1981 320305   745655   322805   752932   325305   760261   327805   767641   330305   775073   332805   782557  

01/11/1981 320255   743758   322755   751022   325255   758338   327755   765704   330255   773123   332755   780593  

01/12/1981 320205   741903   322705   749154   325205   756457   327705   763810   330205   771215   332705   778672  




CL002B                                              ARMY GROUP INSURANCE FUND                                   Page No. 4 
                                  MATURITY AMOUNT PAYABLE TO MEMBERS OF ARMY GROUP INSURANCE SCHEME
                                                             JCO/OR -- RA
-------------------------------------------------------------------------------------------------------------------------
                                                   Date on Which Amount Calculated
            ----------------------------------------------------------------------------------------------------------
Date of        31/10/2018        30/11/2018        31/12/2018        31/01/2019        28/02/2019        31/03/2019
Joining     Contri-  Payable  Contri-  Payable  Contri-  Payable  Contri-  Payable  Contri-  Payable  Contri-  Payable
AGI Scheme  buted             buted             buted             buted             buted             buted
-------------------------------------------------------------------------------------------------------------------------
01/01/1982 320155   740027   322655   747265   325155   754554   327655   761894   330155   769286   332655   776730  

01/02/1982 320105   738193   322605   745419   325105   752695   327605   760022   330105   767400   332605   774831  

01/03/1982 320055   736359   322555   743572   325055   750835   327555   758149   330055   765514   332555   772932  

01/04/1982 320005   734546   322505   741746   325005   748997   327505   756298   330005   763650   332505   771054  

01/05/1982 319955   732734   322455   739921   324955   747158   327455   754447   329955   761786   332455   769177  

01/06/1982 319905   730963   322405   738137   324905   745363   327405   752638   329905   759965   332405   767343  

01/07/1982 319855   729171   322355   736333   324855   743545   327355   750808   329855   758122   332355   765487  

01/08/1982 319805   727421   322305   734571   324805   741771   327305   749021   329805   756323   332305   763675  

01/09/1982 319755   725692   322255   732830   324755   740018   327255   747256   329755   754545   332255   761885  

01/10/1982 319705   723942   322205   731068   324705   738243   327205   745469   329705   752745   332205   760073  

01/11/1982 319655   722235   322155   729348   324655   736511   327155   743725   329655   750989   332155   758304  

01/12/1982 319605   720548   322105   727649   324605   734801   327105   742002   329605   749255   332105   756558  

01/01/1983 319555   718840   322055   725930   324555   733069   327055   740258   329555   747498   332055   754789  

01/02/1983 319500   717003   322000   724080   324500   731206   327000   738383   329500   745610   332000   752887  

01/03/1983 319445   715167   321945   722231   324445   729344   326945   736507   329445   743721   331945   750985  

01/04/1983 319390   713372   321890   720423   324390   727524   326890   734675   329390   741875   331890   749127  

01/05/1983 319335   711577   321835   718616   324335   725704   326835   732842   329335   740030   331835   747268  

01/06/1983 319280   709783   321780   716809   324280   723884   326780   731009   329280   738184   331780   745410  

01/07/1983 319225   708030   321725   715044   324225   722107   326725   729220   329225   736382   331725   743595  

01/08/1983 319170   706257   321670   713258   324170   720308   326670   727408   329170   734558   331670   741758  

01/09/1983 319115   704525   321615   711514   324115   718552   326615   725640   329115   732777   331615   739965  

01/10/1983 319060   702814   321560   709791   324060   716818   326560   723893   329060   731018   331560   738193  

01/11/1983 319005   701083   321505   708048   324005   715062   326505   722125   329005   729237   331505   736400  

01/12/1983 318950   699393   321450   706346   323950   713348   326450   720399   328950   727500   331450   734650  




CL002B                                              ARMY GROUP INSURANCE FUND                                   Page No. 5 
                                  MATURITY AMOUNT PAYABLE TO MEMBERS OF ARMY GROUP INSURANCE SCHEME
                                                             JCO/OR -- RA
-------------------------------------------------------------------------------------------------------------------------
                                                   Date on Which Amount Calculated
            ----------------------------------------------------------------------------------------------------------
Date of        31/10/2018        30/11/2018        31/12/2018        31/01/2019        28/02/2019        31/03/2019
Joining     Contri-  Payable  Contri-  Payable  Contri-  Payable  Contri-  Payable  Contri-  Payable  Contri-  Payable
AGI Scheme  buted             buted             buted             buted             buted             buted
-------------------------------------------------------------------------------------------------------------------------
01/01/1984 318895   697724   321395   704666   323895   711656   326395   718695   328895   725784   331395   732922  

01/02/1984 318835   695885   321335   702814   323835   709791   326335   716817   328835   723892   331335   731017  

01/03/1984 318775   694087   321275   701004   323775   707968   326275   714981   328775   722044   331275   729156  

01/04/1984 318715   692290   321215   699193   323715   706145   326215   713146   328715   720196   331215   727295  

01/05/1984 318655   690514   321155   697405   323655   704344   326155   711332   328655   718369   331155   725455  

01/06/1984 318595   688758   321095   695637   323595   702564   326095   709539   328595   716564   331095   723637  

01/07/1984 318535   687003   321035   693869   323535   700784   326035   707747   328535   714758   331035   721819  

01/08/1984 318475   685268   320975   692123   323475   699025   325975   705975   328475   712975   330975   720023  

01/09/1984 318415   683555   320915   690397   323415   697287   325915   704226   328415   711213   330915   718249  

01/10/1984 318355   681821   320855   688651   323355   695528   325855   702455   328355   709429   330855   716453  

01/11/1984 318295   680128   320795   686946   323295   693812   325795   700726   328295   707689   330795   714700  

01/12/1984 318235   678457   320735   685263   323235   692117   325735   699019   328235   705970   330735   712969  

01/01/1985 318175   676785   320675   683580   323175   690422   325675   697313   328175   704251   330675   711239  

01/02/1985 318110   675006   320610   681788   323110   688618   325610   695496   328110   702422   330610   709396  

01/03/1985 318045   673227   320545   679997   323045   686814   325545   693679   328045   700592   330545   707554  

01/04/1985 317980   671448   320480   678205   322980   685009   325480   691862   327980   698762   330480   705711  

01/05/1985 317915   669710   320415   676455   322915   683248   325415   690088   327915   696976   330415   703912  

01/06/1985 317850   667952   320350   674685   322850   681465   325350   688292   327850   695168   330350   702091  

01/07/1985 317785   666257   320285   672978   322785   679746   325285   686561   327785   693424   330285   700336  

01/08/1985 317720   664541   320220   671250   322720   678005   325220   684809   327720   691660   330220   698559  

01/09/1985 317655   662867   320155   669564   322655   676308   325155   683099   327655   689938   330155   696825  

01/10/1985 317590   661171   320090   667857   322590   674589   325090   681368   327590   688195   330090   695069  

01/11/1985 317525   659497   320025   666171   322525   672891   325025   679658   327525   686473   330025   693335  

01/12/1985 317460   657865   319960   664527   322460   671236   324960   677991   327460   684794   329960   691645  




CL002B                                              ARMY GROUP INSURANCE FUND                                   Page No. 6 
                                  MATURITY AMOUNT PAYABLE TO MEMBERS OF ARMY GROUP INSURANCE SCHEME
                                                             JCO/OR -- RA
-------------------------------------------------------------------------------------------------------------------------
                                                   Date on Which Amount Calculated
            ----------------------------------------------------------------------------------------------------------
Date of        31/10/2018        30/11/2018        31/12/2018        31/01/2019        28/02/2019        31/03/2019
Joining     Contri-  Payable  Contri-  Payable  Contri-  Payable  Contri-  Payable  Contri-  Payable  Contri-  Payable
AGI Scheme  buted             buted             buted             buted             buted             buted
-------------------------------------------------------------------------------------------------------------------------
01/01/1986 317395   656212   319895   662862   322395   669559   324895   676303   327395   683094   329895   689933  

01/02/1986 317325   654451   319825   661089   322325   667773   324825   674505   327325   681283   329825   688110  

01/03/1986 317255   652732   319755   659358   322255   666030   324755   672749   327255   679516   329755   686329  

01/04/1986 317185   650992   319685   657605   322185   664266   324685   670972   327185   677726   329685   684528  

01/05/1986 317115   649294   319615   655896   322115   662544   324615   669238   327115   675980   329615   682769  

01/06/1986 317045   647596   319545   654186   322045   660822   324545   667504   327045   674234   329545   681011  

01/07/1986 316975   645919   319475   652497   321975   659121   324475   665792   326975   672509   329475   679274  

01/08/1986 316905   644242   319405   650808   321905   657421   324405   664079   326905   670785   329405   677537  

01/09/1986 316835   642586   319335   649141   321835   655741   324335   662388   326835   669082   329335   675823  

01/10/1986 316765   640951   319265   647494   321765   654083   324265   660719   326765   667401   329265   674129  

01/11/1986 316695   639316   319195   645848   321695   652425   324195   659049   326695   665719   329195   672436  

01/12/1986 316625   637702   319125   644222   321625   650788   324125   657401   326625   664059   329125   670765  

01/01/1987 316555   636088   319055   642597   321555   649152   324055   655753   326555   662400   329055   669093  

01/02/1987 316480   634387   318980   640884   321480   647427   323980   654016   326480   660651   328980   667332  

01/03/1987 316405   632707   318905   639193   321405   645724   323905   652300   326405   658923   328905   665593  

01/04/1987 316330   631027   318830   637501   321330   644020   323830   650585   326330   657196   328830   663853  

01/05/1987 316255   629348   318755   635809   321255   642317   323755   648870   326255   655468   328755   662114  

01/06/1987 316180   627710   318680   634160   321180   640656   323680   647197   326180   653784   328680   660417  

01/07/1987 316105   626072   318605   632511   321105   638995   323605   645525   326105   652100   328605   658721  

01/08/1987 316030   624455   318530   630883   321030   637355   323530   643874   326030   650437   328530   657047  

01/09/1987 315955   622838   318455   629255   320955   635716   323455   642222   325955   648775   328455   655373  

01/10/1987 315880   621222   318380   627627   320880   634076   323380   640571   325880   647112   328380   653699  

01/11/1987 315805   619647   318305   626041   320805   632479   323305   638963   325805   645493   328305   652068  

01/12/1987 315730   618072   318230   624455   320730   630882   323230   637355   325730   643873   328230   650437  




CL002B                                              ARMY GROUP INSURANCE FUND                                   Page No. 7 
                                  MATURITY AMOUNT PAYABLE TO MEMBERS OF ARMY GROUP INSURANCE SCHEME
                                                             JCO/OR -- RA
-------------------------------------------------------------------------------------------------------------------------
                                                   Date on Which Amount Calculated
            ----------------------------------------------------------------------------------------------------------
Date of        31/10/2018        30/11/2018        31/12/2018        31/01/2019        28/02/2019        31/03/2019
Joining     Contri-  Payable  Contri-  Payable  Contri-  Payable  Contri-  Payable  Contri-  Payable  Contri-  Payable
AGI Scheme  buted             buted             buted             buted             buted             buted
-------------------------------------------------------------------------------------------------------------------------
01/01/1988 315655   616518   318155   622890   320655   629307   323155   635768   325655   642275   328155   648828  

01/02/1988 315580   614964   318080   621325   320580   627731   323080   634182   325580   640677   328080   647219  

01/03/1988 315505   613432   318005   619782   320505   626177   323005   632616   325505   639101   328005   645632  

01/04/1988 315430   611920   317930   618260   320430   624644   322930   631073   325430   637547   327930   644066  

01/05/1988 315355   610429   317855   616758   320355   623132   322855   629550   325355   636013   327855   642522  

01/06/1988 315280   608938   317780   615257   320280   621620   322780   628028   325280   634480   327780   640978  

01/07/1988 315205   607448   317705   613756   320205   620108   322705   626505   325205   632947   327705   639434  

01/08/1988 315130   605999   317630   612297   320130   618639   322630   625026   325130   631457   327630   637934  

01/09/1988 315055   604550   317555   610838   320055   617170   322555   623546   325055   629968   327555   636434  

01/10/1988 314980   603101   317480   609379   319980   615701   322480   622067   324980   628478   327480   634933  

01/11/1988 314905   601694   317405   607962   319905   614274   322405   620630   324905   627031   327405   633477  

01/12/1988 314830   600288   317330   606546   319830   612848   322330   619194   324830   625584   327330   632020  

01/01/1989 314755   598881   317255   605129   319755   611421   322255   617757   324755   624138   327255   630563  

01/02/1989 314680   597516   317180   603755   319680   610037   322180   616363   324680   622734   327180   629150  

01/03/1989 314605   596151   317105   602380   319605   608653   322105   614970   324605   621331   327105   627736  

01/04/1989 314530   594786   317030   601006   319530   607269   322030   613576   324530   619927   327030   626323  

01/05/1989 314430   593211   316930   599419   319430   605671   321930   611967   324430   618307   326930   624691  

01/06/1989 314330   591650   316830   597848   319330   604089   321830   610373   324330   616702   326830   623075  

01/07/1989 314230   590104   316730   596291   319230   602521   321730   608795   324230   615112   326730   621474  

01/08/1989 314130   588573   316630   594749   319130   600968   321630   607231   324130   613537   326630   619888  

01/09/1989 314030   587056   316530   593221   319030   599429   321530   605682   324030   611977   326530   618317  

01/10/1989 313930   585553   316430   591708   318930   597906   321430   604147   323930   610432   326430   616761  

01/11/1989 313830   584064   316330   590209   318830   596396   321330   602627   323830   608901   326330   615220  

01/12/1989 313730   582590   316230   588724   318730   594901   321230   601121   323730   607385   326230   613693  




CL002B                                              ARMY GROUP INSURANCE FUND                                   Page No. 8 
                                  MATURITY AMOUNT PAYABLE TO MEMBERS OF ARMY GROUP INSURANCE SCHEME
                                                             JCO/OR -- RA
-------------------------------------------------------------------------------------------------------------------------
                                                   Date on Which Amount Calculated
            ----------------------------------------------------------------------------------------------------------
Date of        31/10/2018        30/11/2018        31/12/2018        31/01/2019        28/02/2019        31/03/2019
Joining     Contri-  Payable  Contri-  Payable  Contri-  Payable  Contri-  Payable  Contri-  Payable  Contri-  Payable
AGI Scheme  buted             buted             buted             buted             buted             buted
-------------------------------------------------------------------------------------------------------------------------
01/01/1990 313630   581129   316130   587253   318630   593419   321130   599629   323630   605883   326130   612180  

01/02/1990 313530   579682   316030   585796   318530   591952   321030   598152   323530   604395   326030   610682  

01/03/1990 313430   578249   315930   584352   318430   590498   320930   596688   323430   602921   325930   609197  

01/04/1990 313330   576829   315830   582922   318330   589058   320830   595238   323330   601460   325830   607727  

01/05/1990 313230   575422   315730   581506   318230   587632   320730   593801   323230   600014   325730   606270  

01/06/1990 313130   574029   315630   580102   318130   586219   320630   592378   323130   598581   325630   604827  

01/07/1990 313030   572648   315530   578712   318030   584819   320530   590969   323030   597161   325530   603397  

01/08/1990 312930   571281   315430   577335   317930   583432   320430   589572   322930   595755   325430   601981  

01/09/1990 312830   569926   315330   575971   317830   582059   320330   588189   322830   594362   325330   600579  

01/10/1990 312730   568584   315230   574620   317730   580698   320230   586818   322730   592982   325230   599189  

01/11/1990 312630   567255   315130   573281   317630   579350   320130   585461   322630   591615   325130   597812  

01/12/1990 312530   565938   315030   571955   317530   578014   320030   584116   322530   590261   325030   596448  

01/01/1991 312430   564633   314930   570641   317430   576691   319930   582784   322430   588919   324930   595097  

01/02/1991 312330   563341   314830   569340   317330   575381   319830   581464   322330   587590   324830   593759  

01/03/1991 312230   562060   314730   568050   317230   574082   319730   580156   322230   586273   324730   592433  

01/04/1991 312130   560792   314630   566773   317130   572796   319630   578861   322130   584969   324630   591120  

01/05/1991 312030   559541   314530   565514   317030   571528   319530   577584   322030   583683   324530   589824  

01/06/1991 311930   558303   314430   564266   316930   570271   319430   576319   321930   582409   324430   588541  

01/07/1991 311830   557075   314330   563030   316830   569027   319330   575066   321830   581147   324330   587270  

01/08/1991 311730   555859   314230   561806   316730   567794   319230   573824   321730   579896   324230   586011  

01/09/1991 311630   554655   314130   560593   316630   566572   319130   572594   321630   578658   324130   584764  

01/10/1991 311530   553461   314030   559391   316530   565362   319030   571375   321530   577430   324030   583528  

01/11/1991 311430   552279   313930   558200   316430   564163   318930   570168   321430   576215   323930   582304  

01/12/1991 311330   551108   313830   557021   316330   562975   318830   568972   321330   575010   323830   581091  




CL002B                                              ARMY GROUP INSURANCE FUND                                   Page No. 9 
                                  MATURITY AMOUNT PAYABLE TO MEMBERS OF ARMY GROUP INSURANCE SCHEME
                                                             JCO/OR -- RA
-------------------------------------------------------------------------------------------------------------------------
                                                   Date on Which Amount Calculated
            ----------------------------------------------------------------------------------------------------------
Date of        31/10/2018        30/11/2018        31/12/2018        31/01/2019        28/02/2019        31/03/2019
Joining     Contri-  Payable  Contri-  Payable  Contri-  Payable  Contri-  Payable  Contri-  Payable  Contri-  Payable
AGI Scheme  buted             buted             buted             buted             buted             buted
-------------------------------------------------------------------------------------------------------------------------
01/01/1992 311230   549947   313730   555852   316230   561799   318730   567787   321230   573817   323730   579889  

01/02/1992 311130   548798   313630   554695   316130   560633   318630   566613   321130   572635   323630   578699  

01/03/1992 311030   547659   313530   553548   316030   559478   318530   565450   321030   571464   323530   577519  

01/04/1992 310930   546531   313430   552412   315930   558334   318430   564298   320930   570303   323430   576351  

01/05/1992 310830   545423   313330   551296   315830   557211   318330   563167   320830   569164   323330   575204  

01/06/1992 310730   544326   313230   550192   315730   556098   318230   562046   320730   568036   323230   574068  

01/07/1992 310630   543239   313130   549097   315630   554996   318130   560936   320630   566918   323130   572942  

01/08/1992 310530   542162   313030   548012   315530   553904   318030   559837   320530   565811   323030   571827  

01/09/1992 310430   541096   312930   546938   315430   552822   317930   558747   320430   564714   322930   570722  

01/10/1992 310330   540039   312830   545875   315330   551751   317830   557669   320330   563628   322830   569629  

01/11/1992 310230   538993   312730   544821   315230   550690   317730   556600   320230   562552   322730   568545  

01/12/1992 310130   537957   312630   543778   315130   549639   317630   555542   320130   561486   322630   567472  

01/01/1993 310030   536931   312530   542744   315030   548599   317530   554494   320030   560431   322530   566409  

01/02/1993 309930   535914   312430   541721   314930   547568   317430   553456   319930   559386   322430   565357  

01/03/1993 309830   534907   312330   540707   314830   546547   317330   552428   319830   558350   322330   564314  

01/04/1993 309730   533910   312230   539703   314730   545536   317230   551410   319730   557325   322230   563282  

01/05/1993 309630   532932   312130   538718   314630   544544   317130   550411   319630   556319   322130   562269  

01/06/1993 309530   531963   312030   537742   314530   543561   317030   549421   319530   555323   322030   561265  

01/07/1993 309430   531004   311930   536776   314430   542588   316930   548441   319430   554336   321930   560272  

01/08/1993 309330   530053   311830   535818   314330   541624   316830   547471   319330   553358   321830   559287  

01/09/1993 309230   529112   311730   534870   314230   540670   316730   546509   319230   552390   321730   558312  

01/10/1993 309130   528179   311630   533931   314130   539724   316630   545557   319130   551431   321630   557347  

01/11/1993 309030   527256   311530   533001   314030   538787   316530   544614   319030   550482   321530   556390  

01/12/1993 308930   526341   311430   532080   313930   537860   316430   543680   318930   549541   321430   555443  




CL002B                                              ARMY GROUP INSURANCE FUND                                   Page No. 10 
                                  MATURITY AMOUNT PAYABLE TO MEMBERS OF ARMY GROUP INSURANCE SCHEME
                                                             JCO/OR -- RA
-------------------------------------------------------------------------------------------------------------------------
                                                   Date on Which Amount Calculated
            ----------------------------------------------------------------------------------------------------------
Date of        31/10/2018        30/11/2018        31/12/2018        31/01/2019        28/02/2019        31/03/2019
Joining     Contri-  Payable  Contri-  Payable  Contri-  Payable  Contri-  Payable  Contri-  Payable  Contri-  Payable
AGI Scheme  buted             buted             buted             buted             buted             buted
-------------------------------------------------------------------------------------------------------------------------
01/01/1994 308830   525435   311330   531168   313830   536941   316330   542755   318830   548609   321330   554505  

01/02/1994 308730   524537   311230   530264   313730   536031   316230   541838   318730   547686   321230   553575  

01/03/1994 308630   523648   311130   529369   313630   535129   316130   540930   318630   546772   321130   552655  

01/04/1994 308530   522768   311030   528482   313530   534236   316030   540031   318530   545866   321030   551743  

01/05/1994 308430   521904   310930   527612   313430   533360   315930   539149   318430   544978   320930   550848  

01/06/1994 308330   521048   310830   526750   313330   532492   315830   538274   318330   544098   320830   549961  

01/07/1994 308230   520200   310730   525896   313230   531632   315730   537409   318230   543226   320730   549083  

01/08/1994 308130   519360   310630   525050   313130   530780   315630   536551   318130   542362   320630   548214  

01/09/1994 308030   518528   310530   524212   313030   529937   315530   535701   318030   541506   320530   547352  

01/10/1994 307930   517704   310430   523383   312930   529101   315430   534860   317930   540659   320430   546499  

01/11/1994 307830   516888   310330   522561   312830   528273   315330   534026   317830   539820   320330   545654  

01/12/1994 307730   516079   310230   521746   312730   527454   315230   533201   317730   538988   320230   544816  

01/01/1995 307630   515278   310130   520940   312630   526641   315130   532383   317630   538165   320130   543987  

01/02/1995 307530   514485   310030   520141   312530   525837   315030   531573   317530   537349   320030   543165  

01/03/1995 307430   513699   309930   519350   312430   525040   314930   530770   317430   536540   319930   542351  

01/04/1995 307330   512920   309830   518566   312330   524250   314830   529975   317330   535740   319830   541545  

01/05/1995 307230   512156   309730   517796   312230   523476   314730   529195   317230   534954   319730   540754  

01/06/1995 307130   511399   309630   517034   312130   522708   314630   528422   317130   534176   319630   539970  

01/07/1995 307030   510650   309530   516279   312030   521948   314530   527656   317030   533405   319530   539194  

01/08/1995 306930   509907   309430   515531   311930   521194   314430   526898   316930   532641   319430   538424  

01/09/1995 306830   509171   309330   514790   311830   520448   314330   526146   316830   531884   319330   537662  

01/10/1995 306730   508442   309230   514056   311730   519709   314230   525402   316730   531135   319230   536908  

01/11/1995 306630   507720   309130   513329   311630   518977   314130   524664   316630   530392   319130   536160  

01/12/1995 306530   507005   309030   512608   311530   518251   314030   523934   316530   529656   319030   535419  




CL002B                                              ARMY GROUP INSURANCE FUND                                   Page No. 11 
                                  MATURITY AMOUNT PAYABLE TO MEMBERS OF ARMY GROUP INSURANCE SCHEME
                                                             JCO/OR -- RA
-------------------------------------------------------------------------------------------------------------------------
                                                   Date on Which Amount Calculated
            ----------------------------------------------------------------------------------------------------------
Date of        31/10/2018        30/11/2018        31/12/2018        31/01/2019        28/02/2019        31/03/2019
Joining     Contri-  Payable  Contri-  Payable  Contri-  Payable  Contri-  Payable  Contri-  Payable  Contri-  Payable
AGI Scheme  buted             buted             buted             buted             buted             buted
-------------------------------------------------------------------------------------------------------------------------
01/01/1996 306430   506296   308930   511895   311430   517533   313930   523210   316430   528928   318930   534685  

01/02/1996 306330   505594   308830   511188   311330   516821   313830   522493   316330   528206   318830   533958  

01/03/1996 306230   504898   308730   510487   311230   516115   313730   521783   316230   527490   318730   533238  

01/04/1996 306130   504209   308630   509793   311130   515417   313630   521079   316130   526782   318630   532524  

01/05/1996 306030   503536   308530   509115   311030   514734   313530   520392   316030   526089   318530   531827  

01/06/1996 305930   502869   308430   508444   310930   514057   313430   519711   315930   525403   318430   531136  

01/07/1996 305830   502208   308330   507778   310830   513387   313330   519036   315830   524724   318330   530452  

01/08/1996 305730   501553   308230   507119   310730   512723   313230   518367   315730   524050   318230   529774  

01/09/1996 305630   500905   308130   506465   310630   512065   313130   517705   315630   523383   318130   529102  

01/10/1996 305530   500262   308030   505818   310530   511414   313030   517048   315530   522722   318030   528436  

01/11/1996 305430   499625   307930   505177   310430   510768   312930   516398   315430   522068   317930   527777  

01/12/1996 305330   498994   307830   504542   310330   510128   312830   515754   315330   521419   317830   527124  

01/01/1997 305230   498369   307730   503912   310230   509494   312730   515116   315230   520776   317730   526477  

01/02/1997 305130   497750   307630   503289   310130   508866   312630   514483   315130   520139   317630   525835  

01/03/1997 305030   497137   307530   502671   310030   508244   312530   513857   315030   519508   317530   525200  

01/04/1997 304930   496529   307430   502059   309930   507628   312430   513236   314930   518883   317430   524570  

01/05/1997 304830   495934   307330   501460   309830   507025   312330   512629   314830   518272   317330   523955  

01/06/1997 304730   495346   307230   500868   309730   506428   312230   512028   314730   517667   317230   523345  

01/07/1997 304630   494762   307130   500280   309630   505837   312130   511432   314630   517067   317130   522741  

01/08/1997 304530   494184   307030   499698   309530   505250   312030   510842   314530   516473   317030   522143  

01/09/1997 304430   493612   306930   499121   309430   504670   311930   510257   314430   515884   316930   521550  

01/10/1997 304180   492129   306680   497628   309180   503166   311680   508743   314180   514359   316680   520014  

01/11/1997 303930   490660   306430   496149   308930   501676   311430   507243   313930   512848   316430   518493  

01/12/1997 303680   489204   306180   494683   308680   500200   311180   505756   313680   511351   316180   516985  




CL002B                                              ARMY GROUP INSURANCE FUND                                   Page No. 12 
                                  MATURITY AMOUNT PAYABLE TO MEMBERS OF ARMY GROUP INSURANCE SCHEME
                                                             JCO/OR -- RA
-------------------------------------------------------------------------------------------------------------------------
                                                   Date on Which Amount Calculated
            ----------------------------------------------------------------------------------------------------------
Date of        31/10/2018        30/11/2018        31/12/2018        31/01/2019        28/02/2019        31/03/2019
Joining     Contri-  Payable  Contri-  Payable  Contri-  Payable  Contri-  Payable  Contri-  Payable  Contri-  Payable
AGI Scheme  buted             buted             buted             buted             buted             buted
-------------------------------------------------------------------------------------------------------------------------
01/01/1998 303430   487762   305930   493231   308430   498738   310930   504283   313430   509868   315930   515492  

01/02/1998 303180   486333   305680   491792   308180   497288   310680   502824   313180   508398   315680   514012  

01/03/1998 302930   484917   305430   490366   307930   495853   310430   501378   312930   506942   315430   512546  

01/04/1998 302680   483514   305180   488953   307680   494430   310180   499945   312680   505499   315180   511093  

01/05/1998 302430   482136   304930   487565   307430   493032   309930   498538   312430   504082   314930   509666  

01/06/1998 302180   480771   304680   486190   307180   491648   309680   497144   312180   502678   314680   508252  

01/07/1998 301930   479418   304430   484828   306930   490276   309430   495762   311930   501287   314430   506851  

01/08/1998 301680   478077   304180   483478   306680   488916   309180   494393   311680   499909   314180   505462  

01/09/1998 301430   476749   303930   482140   306430   487569   308930   493037   311430   498542   313930   504087  

01/10/1998 301180   475432   303680   480814   306180   486234   308680   491692   311180   497189   313680   502724  

01/11/1998 300930   474128   303430   479501   305930   484912   308430   490360   310930   495847   313430   501373  

01/12/1998 300680   472835   303180   478199   305680   483601   308180   489040   310680   494518   313180   500034  

01/01/1999 300430   471554   302930   476909   305430   482302   307930   487732   310430   493201   312930   498708  

01/02/1999 300180   470285   302680   475631   305180   481014   307680   486436   310180   491895   312680   497393  

01/03/1999 299930   469027   302430   474364   304930   479739   307430   485151   309930   490602   312430   496090  

01/04/1999 299680   467780   302180   473109   304680   478475   307180   483878   309680   489320   312180   494799  

01/05/1999 299430   466559   301930   471879   304430   477236   306930   482631   309430   488064   311930   493535  

01/06/1999 299180   465349   301680   470661   304180   476010   306680   481396   309180   486820   311680   492282  

01/07/1999 298930   464150   301430   469453   303930   474794   306430   480172   308930   485587   311430   491040  

01/08/1999 298680   462962   301180   468257   303680   473589   306180   478958   308680   484365   311180   489810  

01/09/1999 298430   461785   300930   467072   303430   472395   305930   477756   308430   483155   310930   488591  

01/10/1999 298180   460619   300680   465897   303180   471212   305680   476565   308180   481955   310680   487383  

01/11/1999 297930   459463   300430   464733   302930   470040   305430   475384   307930   480766   310430   486186  

01/12/1999 297680   458317   300180   463579   302680   468878   305180   474214   307680   479588   310180   485000  




CL002B                                              ARMY GROUP INSURANCE FUND                                   Page No. 13 
                                  MATURITY AMOUNT PAYABLE TO MEMBERS OF ARMY GROUP INSURANCE SCHEME
                                                             JCO/OR -- RA
-------------------------------------------------------------------------------------------------------------------------
                                                   Date on Which Amount Calculated
            ----------------------------------------------------------------------------------------------------------
Date of        31/10/2018        30/11/2018        31/12/2018        31/01/2019        28/02/2019        31/03/2019
Joining     Contri-  Payable  Contri-  Payable  Contri-  Payable  Contri-  Payable  Contri-  Payable  Contri-  Payable
AGI Scheme  buted             buted             buted             buted             buted             buted
-------------------------------------------------------------------------------------------------------------------------
01/01/2000 297430   457182   299930   462436   302430   467727   304930   473055   307430   478421   309930   483824  

01/02/2000 297180   456057   299680   461303   302180   466586   304680   471906   307180   477264   309680   482659  

01/03/2000 296930   454942   299430   460180   301930   465456   304430   470768   306930   476117   309430   481504  

01/04/2000 296680   453837   299180   459068   301680   464335   304180   469640   306680   474981   309180   480360  

01/05/2000 296430   452755   298930   457978   301430   463238   303930   468535   306430   473868   308930   479240  

01/06/2000 296180   451683   298680   456898   301180   462150   303680   467440   306180   472766   308680   478129  

01/07/2000 295930   450620   298430   455828   300930   461073   303430   466354   305930   471673   308430   477029  

01/08/2000 295680   449567   298180   454768   300680   460005   303180   465279   305680   470590   308180   475938  

01/09/2000 295430   448524   297930   453717   300430   458947   302930   464214   305430   469517   307930   474858  

01/10/2000 295180   447490   297680   452676   300180   457899   302680   463158   305180   468454   307680   473787  

01/11/2000 294930   446465   297430   451644   299930   456859   302430   462111   304930   467400   307430   472726  

01/12/2000 294680   445450   297180   450622   299680   455830   302180   461074   304680   466356   307180   471675  

01/01/2001 294430   444443   296930   449608   299430   454809   301930   460047   304430   465321   306930   470633  

01/02/2001 294180   443446   296680   448604   299180   453798   301680   459029   304180   464296   306680   469600  

01/03/2001 293930   442458   296430   447609   298930   452796   301430   458019   303930   463280   306430   468576  

01/04/2001 293680   441479   296180   446623   298680   451803   301180   457019   303680   462272   306180   467562  

01/05/2001 293430   440512   295930   445649   298430   450823   300930   456032   303430   461278   305930   466561  

01/06/2001 293180   439554   295680   444684   298180   449851   300680   455054   303180   460293   305680   465569  

01/07/2001 292930   438603   295430   443727   297930   448887   300430   454083   302930   459316   305430   464585  

01/08/2001 292680   437661   295180   442778   297680   447932   300180   453121   302680   458347   305180   463609  

01/09/2001 292430   436727   294930   441837   297430   446984   299930   452167   302430   457386   304930   462641  

01/10/2001 292180   435800   294680   440904   297180   446044   299680   451221   302180   456433   304680   461682  

01/11/2001 291930   434881   294430   439979   296930   445113   299430   450282   301930   455488   304430   460730  

01/12/2001 291680   433970   294180   439062   296680   444189   299180   449352   301680   454551   304180   459787  




CL002B                                              ARMY GROUP INSURANCE FUND                                   Page No. 14 
                                  MATURITY AMOUNT PAYABLE TO MEMBERS OF ARMY GROUP INSURANCE SCHEME
                                                             JCO/OR -- RA
-------------------------------------------------------------------------------------------------------------------------
                                                   Date on Which Amount Calculated
            ----------------------------------------------------------------------------------------------------------
Date of        31/10/2018        30/11/2018        31/12/2018        31/01/2019        28/02/2019        31/03/2019
Joining     Contri-  Payable  Contri-  Payable  Contri-  Payable  Contri-  Payable  Contri-  Payable  Contri-  Payable
AGI Scheme  buted             buted             buted             buted             buted             buted
-------------------------------------------------------------------------------------------------------------------------
01/01/2002 291430   433067   293930   438152   296430   443272   298930   448429   301430   453622   303930   458851  

01/02/2002 291180   432171   293680   437250   296180   442364   298680   447514   301180   452701   303680   457923  

01/03/2002 290930   431282   293430   436355   295930   441463   298430   446607   300930   451787   303430   457003  

01/04/2002 290680   430401   293180   435468   295680   440569   298180   445707   300680   450881   303180   456091  

01/05/2002 290430   429537   292930   434598   295430   439694   297930   444825   300430   449993   302930   455196  

01/06/2002 290180   428680   292680   433735   295180   438825   297680   443950   300180   449111   302680   454309  

01/07/2002 289930   427830   292430   432878   294930   437962   297430   443082   299930   448237   302430   453428  

01/08/2002 289680   426986   292180   432029   294680   437107   297180   442220   299680   447369   302180   452555  

01/09/2002 289430   426149   291930   431186   294430   436258   296930   441365   299430   446508   301930   451688  

01/10/2002 289180   425318   291680   430348   294180   435414   296680   440516   299180   445653   301680   450827  

01/11/2002 288930   424492   291430   429517   293930   434577   296430   439673   298930   444804   301430   449972  

01/12/2002 288680   423673   291180   428692   293680   433746   296180   438836   298680   443961   301180   449123  

01/01/2003 288430   422859   290930   427872   293430   432921   295930   438005   298430   443124   300930   448280  

01/02/2003 288180   422050   290680   427058   293180   432101   295680   437179   298180   442293   300680   447443  

01/03/2003 287930   421248   290430   426250   292930   431287   295430   436360   297930   441468   300430   446612  

01/04/2003 287680   420451   290180   425448   292680   430479   295180   435546   297680   440649   300180   445787  

01/05/2003 287430   419660   289930   424651   292430   429677   294930   434738   297430   439835   299930   444967  

01/06/2003 287180   418874   289680   423859   292180   428880   294680   433936   297180   439027   299680   444154  

01/07/2003 286930   418094   289430   423074   291930   428089   294430   433139   296930   438224   299430   443346  

01/08/2003 286680   417319   289180   422293   291680   427303   294180   432348   296680   437428   299180   442543  

01/09/2003 286430   416558   288930   421528   291430   426532   293930   431571   296430   436645   298930   441756  

01/10/2003 285930   414953   288430   419911   290930   424904   293430   429932   295930   434995   298430   440094  

01/11/2003 285430   413359   287930   418306   290430   423287   292930   428304   295430   433355   297930   438442  

01/12/2003 284930   411775   287430   416710   289930   421681   292430   426686   294930   431726   297430   436802  




CL002B                                              ARMY GROUP INSURANCE FUND                                   Page No. 15 
                                  MATURITY AMOUNT PAYABLE TO MEMBERS OF ARMY GROUP INSURANCE SCHEME
                                                             JCO/OR -- RA
-------------------------------------------------------------------------------------------------------------------------
                                                   Date on Which Amount Calculated
            ----------------------------------------------------------------------------------------------------------
Date of        31/10/2018        30/11/2018        31/12/2018        31/01/2019        28/02/2019        31/03/2019
Joining     Contri-  Payable  Contri-  Payable  Contri-  Payable  Contri-  Payable  Contri-  Payable  Contri-  Payable
AGI Scheme  buted             buted             buted             buted             buted             buted
-------------------------------------------------------------------------------------------------------------------------
01/01/2004 284430   410200   286930   415125   289430   420084   291930   425078   294430   430107   296930   435172  

01/02/2004 283930   408636   286430   413550   288930   418498   291430   423481   293930   428499   296430   433552  

01/03/2004 283430   407082   285930   411985   288430   416922   290930   421894   293430   426901   295930   431943  

01/04/2004 282930   405538   285430   410430   287930   415356   290430   420317   292930   425313   295430   430343  

01/05/2004 282430   404021   284930   408902   287430   413817   289930   418767   292430   423752   294930   428772  

01/06/2004 281930   402512   284430   407383   286930   412287   289430   417227   291930   422201   294430   427210  

01/07/2004 281430   401012   283930   405872   286430   410766   288930   415695   291430   420658   293930   425656  

01/08/2004 280930   399520   283430   404370   285930   409254   288430   414172   290930   419124   293430   424112  

01/09/2004 280430   398038   282930   402877   285430   407750   287930   412658   290430   417600   292930   422576  

01/10/2004 279930   396563   282430   401392   284930   406255   287430   411152   289930   416083   292430   421049  

01/11/2004 279430   395097   281930   399916   284430   404769   286930   409655   289430   414576   291930   419531  

01/12/2004 278930   393640   281430   398449   283930   403291   286430   408167   288930   413077   291430   418022  

01/01/2005 278430   392191   280930   396989   283430   401821   285930   406687   288430   411587   290930   416522  

01/02/2005 277680   390030   280180   394813   282680   399630   285180   404480   287680   409365   290180   414284  

01/03/2005 276930   387881   279430   392650   281930   397451   284430   402286   286930   407156   289430   412059  

01/04/2005 276180   385745   278680   390498   281180   395285   283680   400105   286180   404959   288680   409847  

01/05/2005 275430   383644   277930   388383   280430   393154   282930   397959   285430   402798   287930   407671  

01/06/2005 274680   381556   277180   386279   279680   391036   282180   395827   284680   400650   287180   405508  

01/07/2005 273930   379479   276430   384188   278930   388931   281430   393706   283930   398515   286430   403358  

01/08/2005 273180   377415   275680   382109   278180   386837   280680   391598   283180   396392   285680   401220  

01/09/2005 272430   375362   274930   380042   277430   384755   279930   389502   282430   394281   284930   399094  

01/10/2005 271680   373321   274180   377987   276680   382686   279180   387418   281680   392182   284180   396981  

01/11/2005 270930   371292   273430   375944   275930   380628   278430   385346   280930   390096   283430   394880  

01/12/2005 270180   369275   272680   373913   275180   378583   277680   383286   280180   388021   282680   392791  




CL002B                                              ARMY GROUP INSURANCE FUND                                   Page No. 16 
                                  MATURITY AMOUNT PAYABLE TO MEMBERS OF ARMY GROUP INSURANCE SCHEME
                                                             JCO/OR -- RA
-------------------------------------------------------------------------------------------------------------------------
                                                   Date on Which Amount Calculated
            ----------------------------------------------------------------------------------------------------------
Date of        31/10/2018        30/11/2018        31/12/2018        31/01/2019        28/02/2019        31/03/2019
Joining     Contri-  Payable  Contri-  Payable  Contri-  Payable  Contri-  Payable  Contri-  Payable  Contri-  Payable
AGI Scheme  buted             buted             buted             buted             buted             buted
-------------------------------------------------------------------------------------------------------------------------
01/01/2006 269430   367269   271930   371893   274430   376549   276930   381237   279430   385959   281930   390714  

01/02/2006 268680   365275   271180   369885   273680   374527   276180   379201   278680   383908   281180   388649  

01/03/2006 267930   363293   270430   367888   272930   372516   275430   377177   277930   381870   280430   386595  

01/04/2006 267180   361322   269680   365903   272180   370517   274680   375164   277180   379842   279680   384554  

01/05/2006 266430   359383   268930   363951   271430   368552   273930   373184   276430   377849   278930   382547  

01/06/2006 265680   357456   268180   362011   270680   366597   273180   371216   275680   375867   278180   380551  

01/07/2006 264930   355540   267430   360081   269930   364655   272430   369260   274930   373897   277430   378567  

01/08/2006 264180   353635   266680   358163   269180   362723   271680   367315   274180   371938   276680   376595  

01/09/2006 263430   351742   265930   356256   268430   360803   270930   365381   273430   369991   275930   374634  

01/10/2006 262680   349859   265180   354360   267680   358893   270180   363458   272680   368055   275180   372684  

01/11/2006 261930   347987   264430   352475   266930   356995   269430   361547   271930   366130   274430   370746  

01/12/2006 261180   346126   263680   350601   266180   355108   268680   359646   271180   364216   273680   368818  

01/01/2007 260430   344276   262930   348738   265430   353232   267930   357757   270430   362314   272930   366902  

01/02/2007 259680   342436   262180   346886   264680   351366   267180   355878   269680   360422   272180   364997  

01/03/2007 258930   340608   261430   345044   263930   349512   266430   354011   268930   358541   271430   363103  

01/04/2007 258180   338789   260680   343213   263180   347668   265680   352154   268180   356671   270680   361220  

01/05/2007 257430   337001   259930   341412   262430   345855   264930   350328   267430   354833   269930   359369  

01/06/2007 256680   335224   259180   339623   261680   344053   264180   348513   266680   353005   269180   357529  

01/07/2007 255930   333459   258430   337845   260930   342262   263430   346710   265930   351189   268430   355700  

01/08/2007 255180   331704   257680   336078   260180   340482   262680   344918   265180   349385   267680   353883  

01/09/2007 254430   329959   256930   334321   259430   338714   261930   343137   264430   347591   266930   352077  

01/10/2007 253680   328226   256180   332576   258680   336956   261180   341367   263680   345808   266180   350281  

01/11/2007 252930   326503   255430   330841   257930   335209   260430   339607   262930   344037   265430   348497  

01/12/2007 252180   324791   254680   329117   257180   333473   259680   337859   262180   342276   264680   346724  




CL002B                                              ARMY GROUP INSURANCE FUND                                   Page No. 17 
                                  MATURITY AMOUNT PAYABLE TO MEMBERS OF ARMY GROUP INSURANCE SCHEME
                                                             JCO/OR -- RA
-------------------------------------------------------------------------------------------------------------------------
                                                   Date on Which Amount Calculated
            ----------------------------------------------------------------------------------------------------------
Date of        31/10/2018        30/11/2018        31/12/2018        31/01/2019        28/02/2019        31/03/2019
Joining     Contri-  Payable  Contri-  Payable  Contri-  Payable  Contri-  Payable  Contri-  Payable  Contri-  Payable
AGI Scheme  buted             buted             buted             buted             buted             buted
-------------------------------------------------------------------------------------------------------------------------
01/01/2008 251430   323090   253930   327403   256430   331747   258930   336121   261430   340526   263930   344962  

01/02/2008 250680   321399   253180   325700   255680   330032   258180   334395   260680   338787   263180   343211  

01/03/2008 249930   319718   252430   324008   254930   328328   257430   332678   259930   337059   262430   341471  

01/04/2008 249180   318047   251680   322326   254180   326634   256680   330972   259180   335341   261680   339741  

01/05/2008 248430   316415   250930   320682   253430   324978   255930   329305   258430   333663   260930   338050  

01/06/2008 247680   314793   250180   319049   252680   323334   255180   327649   257680   331995   260180   336371  

01/07/2008 246930   313182   249430   317426   251930   321700   254430   326004   256930   330338   259430   334702  

01/08/2008 246180   311581   248680   315814   251180   320077   253680   324369   256180   328692   258680   333045  

01/09/2008 245430   309991   247930   314213   250430   318464   252930   322746   255430   327057   257930   331398  

01/10/2008 244680   308412   247180   312623   249680   316863   252180   321133   254680   325433   257180   329763  

01/11/2008 243930   306843   246430   311042   248930   315271   251430   319530   253930   323819   256430   328138  

01/12/2008 243180   305284   245680   309473   248180   313691   250680   317938   253180   322216   255680   326523  

01/01/2009 242430   303735   244930   307913   247430   312120   249930   316357   252430   320623   254930   324920  

01/02/2009 241340   301644   243840   305807   246340   309999   248840   314221   251340   318472   253840   322754  

01/03/2009 240250   299566   242750   303714   245250   307892   247750   312099   250250   316335   252750   320602  

01/04/2009 239160   297501   241660   301635   244160   305798   246660   309991   249160   314212   251660   318464  

01/05/2009 238070   295487   240570   299607   243070   303756   245570   307934   248070   312141   250570   316378  

01/06/2009 236980   293486   239480   297592   241980   301726   244480   305890   246980   310083   249480   314306  

01/07/2009 235890   291498   238390   295590   240890   299711   243390   303860   245890   308039   248390   312247  

01/08/2009 234800   289523   237300   293601   239800   297708   242300   301844   244800   306008   247300   310202  

01/09/2009 233710   287562   236210   291626   238710   295719   241210   299841   243710   303991   246210   308171  

01/10/2009 232620   285613   235120   289664   237620   293743   240120   297851   242620   301987   245120   306153  

01/11/2009 231530   283677   234030   287715   236530   291780   239030   295874   241530   299997   244030   304148  

01/12/2009 230440   281754   232940   285778   235440   289830   237940   293910   240440   298019   242940   302157  




CL002B                                              ARMY GROUP INSURANCE FUND                                   Page No. 18 
                                  MATURITY AMOUNT PAYABLE TO MEMBERS OF ARMY GROUP INSURANCE SCHEME
                                                             JCO/OR -- RA
-------------------------------------------------------------------------------------------------------------------------
                                                   Date on Which Amount Calculated
            ----------------------------------------------------------------------------------------------------------
Date of        31/10/2018        30/11/2018        31/12/2018        31/01/2019        28/02/2019        31/03/2019
Joining     Contri-  Payable  Contri-  Payable  Contri-  Payable  Contri-  Payable  Contri-  Payable  Contri-  Payable
AGI Scheme  buted             buted             buted             buted             buted             buted
-------------------------------------------------------------------------------------------------------------------------
01/01/2010 229350   279844   231850   283854   234350   287893   236850   291960   239350   296055   241850   300179  

01/02/2010 228260   277946   230760   281943   233260   285968   235760   290022   238260   294103   240760   298214  

01/03/2010 227170   276061   229670   280045   232170   284057   234670   288096   237170   292165   239670   296261  

01/04/2010 226080   274188   228580   278159   231080   282157   233580   286184   236080   290239   238580   294322  

01/05/2010 224990   272339   227490   276297   229990   280282   232490   284296   234990   288337   237490   292407  

01/06/2010 223900   270502   226400   274446   228900   278419   231400   282419   233900   286447   236400   290504  

01/07/2010 222810   268675   225310   272607   227810   276567   230310   280554   232810   284569   235310   288613  

01/08/2010 221720   266861   224220   270780   226720   274727   229220   278701   231720   282703   234220   286733  

01/09/2010 220630   265057   223130   268964   225630   272898   228130   276859   230630   280849   233130   284866  

01/10/2010 219540   263265   222040   267159   224540   271080   227040   275029   229540   279006   232040   283010  

01/11/2010 218450   261484   220950   265366   223450   269274   225950   273211   228450   277174   230950   281166  

01/12/2010 217360   259715   219860   263584   222360   267480   224860   271404   227360   275355   229860   279334  

01/01/2011 216270   257958   218770   261814   221270   265698   223770   269609   226270   273548   228770   277514  

01/02/2011 215180   256212   217680   260056   220180   263928   222680   267826   225180   271752   227680   275706  

01/03/2011 214090   254477   216590   258310   219090   262169   221590   266055   224090   269969   226590   273910  

01/04/2011 213000   252754   215500   256575   218000   260422   220500   264296   223000   268197   225500   272125  

01/05/2011 211000   249381   213500   253178   216000   257001   218500   260851   221000   264728   223500   268632  

01/06/2011 209000   246031   211500   249805   214000   253604   216500   257430   219000   261283   221500   265163  

01/07/2011 207000   242704   209500   246454   212000   250230   214500   254033   217000   257862   219500   261718  

01/08/2011 205000   239400   207500   243127   210000   246880   212500   250659   215000   254464   217500   258296  

01/09/2011 203000   236119   205500   239822   208000   243552   210500   247307   213000   251089   215500   254898  

01/10/2011 201000   232860   203500   236540   206000   240247   208500   243979   211000   247738   213500   251523  

01/11/2011 199000   229623   201500   233281   204000   236964   206500   240674   209000   244409   211500   248171  

01/12/2011 197000   226408   199500   230043   202000   233704   204500   237391   207000   241103   209500   244842  




CL002B                                              ARMY GROUP INSURANCE FUND                                   Page No. 19 
                                  MATURITY AMOUNT PAYABLE TO MEMBERS OF ARMY GROUP INSURANCE SCHEME
                                                             JCO/OR -- RA
-------------------------------------------------------------------------------------------------------------------------
                                                   Date on Which Amount Calculated
            ----------------------------------------------------------------------------------------------------------
Date of        31/10/2018        30/11/2018        31/12/2018        31/01/2019        28/02/2019        31/03/2019
Joining     Contri-  Payable  Contri-  Payable  Contri-  Payable  Contri-  Payable  Contri-  Payable  Contri-  Payable
AGI Scheme  buted             buted             buted             buted             buted             buted
-------------------------------------------------------------------------------------------------------------------------
01/01/2012 195000   223215   197500   226828   200000   230466   202500   234130   205000   237820   207500   241535  

01/02/2012 193000   220044   195500   223635   198000   227251   200500   230892   203000   234559   205500   238252  

01/03/2012 191000   216895   193500   220463   196000   224057   198500   227676   201000   231320   203500   234990  

01/04/2012 189000   213767   191500   217313   194000   220885   196500   224482   199000   228104   201500   231751  

01/05/2012 187000   210710   189500   214235   192000   217785   194500   221360   197000   224960   199500   228586  

01/06/2012 185000   207674   187500   211178   190000   214707   192500   218260   195000   221839   197500   225442  

01/07/2012 183000   204659   185500   208142   188000   211649   190500   215181   193000   218738   195500   222319  

01/08/2012 181000   201664   183500   205126   186000   208612   188500   212123   191000   215658   193500   219218  

01/09/2012 179000   198689   181500   202130   184000   205595   186500   209085   189000   212599   191500   216137  

01/10/2012 177000   195734   179500   199155   182000   202599   184500   206067   187000   209560   189500   213077  

01/11/2012 175000   192799   177500   196199   180000   199623   182500   203070   185000   206542   187500   210038  

01/12/2012 173000   189884   175500   193264   178000   196666   180500   200093   183000   203544   185500   207019  

01/01/2013 171000   186989   173500   190348   176000   193730   178500   197136   181000   200566   183500   204021  

01/02/2013 169000   184113   171500   187451   174000   190814   176500   194199   179000   197609   181500   201042  

01/03/2013 167000   181256   169500   184575   172000   187917   174500   191282   177000   194671   179500   198084  

01/04/2013 165000   178418   167500   181717   170000   185039   172500   188384   175000   191753   177500   195145  

01/05/2013 163000   175632   165500   178911   168000   182213   170500   185539   173000   188887   175500   192260  

01/06/2013 161000   172863   163500   176123   166000   179406   168500   182712   171000   186040   173500   189393  

01/07/2013 159000   170113   161500   173354   164000   176617   166500   179903   169000   183212   171500   186545  

01/08/2013 157000   167381   159500   170603   162000   173847   164500   177113   167000   180403   169500   183716  

01/09/2013 155000   164668   157500   167870   160000   171095   162500   174342   165000   177612   167500   180905  

01/10/2013 152500   161212   155000   164390   157500   167591   160000   170814   162500   174059   165000   177327  

01/11/2013 150000   157780   152500   160934   155000   164110   157500   167309   160000   170529   162500   173773  

01/12/2013 147500   154370   150000   157500   152500   160652   155000   163827   157500   167023   160000   170242  




CL002B                                              ARMY GROUP INSURANCE FUND                                   Page No. 20 
                                  MATURITY AMOUNT PAYABLE TO MEMBERS OF ARMY GROUP INSURANCE SCHEME
                                                             JCO/OR -- RA
-------------------------------------------------------------------------------------------------------------------------
                                                   Date on Which Amount Calculated
            ----------------------------------------------------------------------------------------------------------
Date of        31/10/2018        30/11/2018        31/12/2018        31/01/2019        28/02/2019        31/03/2019
Joining     Contri-  Payable  Contri-  Payable  Contri-  Payable  Contri-  Payable  Contri-  Payable  Contri-  Payable
AGI Scheme  buted             buted             buted             buted             buted             buted
-------------------------------------------------------------------------------------------------------------------------
01/01/2014 145000   150983   147500   154089   150000   157217   152500   160367   155000   163540   157500   166734  

01/02/2014 142500   147618   145000   150701   147500   153805   150000   156931   152500   160079   155000   163249  

01/03/2014 140000   144275   142500   147335   145000   150415   147500   153518   150000   156642   152500   159788  

01/04/2014 137500   140955   140000   143991   142500   147048   145000   150127   147500   153227   150000   156349  

01/05/2014 135000   137711   137500   140724   140000   143758   142500   146814   145000   149891   147500   152990  

01/06/2014 132500   134488   135000   137479   137500   140491   140000   143523   142500   146577   145000   149653  

01/07/2014 130000   131288   132500   134256   135000   137245   137500   140255   140000   143286   142500   146338  

01/08/2014 127500   128108   130000   131054   132500   134021   135000   137008   137500   140017   140000   143046  

01/09/2014 125000   124950   127500   127874   130000   130818   132500   133783   135000   136769   137500   139776  

01/10/2014 122500   121814   125000   124715   127500   127637   130000   130580   132500   133543   135000   136527  

01/11/2014 120000   118698   122500   121578   125000   124478   127500   127398   130000   130339   132500   133301  

01/12/2014 117500   115603   120000   118461   122500   121339   125000   124238   127500   127156   130000   130096  

01/01/2015 115000   112528   117500   115365   120000   118222   122500   121098   125000   123995   127500   126912  

01/02/2015 112500   109475   115000   112290   117500   115125   120000   117980   122500   120854   125000   123749  

01/03/2015 110000   106441   112500   109235   115000   112049   117500   114882   120000   117735   122500   120608  

01/04/2015 107500   103428   110000   106201   112500   108993   115000   111805   117500   114637   120000   117488  

01/05/2015 105000   100486   107500   103238   110000   106009   112500   108800   115000   111611   117500   114441  

01/06/2015 102500    97564   105000   100295   107500   103046   110000   105816   112500   108606   115000   111415  

01/07/2015 100000    94662   102500    97373   105000   100103   107500   102853   110000   105622   112500   108410  

01/08/2015  97500    91780   100000    94472   102500    97181   105000    99910   107500   102658   110000   105426  

01/09/2015  95000    88919    97500    91590   100000    94280   102500    96988   105000    99716   107500   102463  

01/10/2015  92500    86078    95000    88729    97500    91398   100000    94087   102500    96794   105000    99520  

01/11/2015  90000    83322    92500    85954    95000    88604    97500    91273   100000    93961   102500    96667  

01/12/2015  87500    80587    90000    83199    92500    85830    95000    88480    97500    91148   100000    93834  




CL002B                                              ARMY GROUP INSURANCE FUND                                   Page No. 21 
                                  MATURITY AMOUNT PAYABLE TO MEMBERS OF ARMY GROUP INSURANCE SCHEME
                                                             JCO/OR -- RA
-------------------------------------------------------------------------------------------------------------------------
                                                   Date on Which Amount Calculated
            ----------------------------------------------------------------------------------------------------------
Date of        31/10/2018        30/11/2018        31/12/2018        31/01/2019        28/02/2019        31/03/2019
Joining     Contri-  Payable  Contri-  Payable  Contri-  Payable  Contri-  Payable  Contri-  Payable  Contri-  Payable
AGI Scheme  buted             buted             buted             buted             buted             buted
-------------------------------------------------------------------------------------------------------------------------
01/01/2016  85000    77871    87500    80464    90000    83076    92500    85706    95000    88355    97500    91022  

01/02/2016  82500    75174    85000    77749    87500    80342    90000    82952    92500    85582    95000    88229  

01/03/2016  80000    72497    82500    75053    85000    77627    87500    80218    90000    82828    92500    85457  

01/04/2016  77500    69839    80000    72376    82500    74931    85000    77504    87500    80095    90000    82704  

01/05/2016  75000    67246    77500    69765    80000    72302    82500    74856    85000    77428    87500    80019  

01/06/2016  72500    64671    75000    67172    77500    69691    80000    72227    82500    74781    85000    77353  

01/07/2016  70000    62115    72500    64598    75000    67098    77500    69616    80000    72152    82500    74705  

01/08/2016  67500    59577    70000    62042    72500    64524    75000    67024    77500    69541    80000    72077  

01/09/2016  65000    57056    67500    59504    70000    61968    72500    64450    75000    66950    77500    69467  

01/10/2016  62500    54554    65000    56984    67500    59431    70000    61895    72500    64376    75000    66875  

01/11/2016  60000    52173    62500    54586    65000    57017    67500    59464    70000    61928    72500    64410  

01/12/2016  57500    49810    60000    52206    62500    54620    65000    57050    67500    59498    70000    61962  

01/01/2017  55000    47463    57500    49843    60000    52240    62500    54654    65000    57084    67500    59532  

01/02/2017  52500    45133    55000    47496    57500    49877    60000    52274    62500    54688    65000    57119  

01/03/2017  50000    42818    52500    45166    55000    47530    57500    49910    60000    52308    62500    54722  

01/04/2017  47500    40519    50000    42850    52500    45198    55000    47562    57500    49943    60000    52341  

01/05/2017  45000    38263    47500    40579    50000    42911    52500    45259    55000    47624    57500    50005  

01/06/2017  42500    36023    45000    38323    47500    40639    50000    42971    52500    45320    55000    47685  

01/07/2017  40000    33797    42500    36081    45000    38381    47500    40698    50000    43031    52500    45380  

01/08/2017  37500    31586    40000    33854    42500    36139    45000    38440    47500    40757    50000    43090  

01/09/2017  35000    29389    37500    31642    40000    33912    42500    36197    45000    38498    47500    40815  

01/10/2017  32500    27207    35000    29445    37500    31699    40000    33968    42500    36254    45000    38555  

01/11/2017  30000    25039    32500    27262    35000    29500    37500    31754    40000    34024    42500    36310  

01/12/2017  27500    22885    30000    25093    32500    27316    35000    29555    37500    31809    40000    34080  




CL002B                                              ARMY GROUP INSURANCE FUND                                   Page No. 22 
                                  MATURITY AMOUNT PAYABLE TO MEMBERS OF ARMY GROUP INSURANCE SCHEME
                                                             JCO/OR -- RA
-------------------------------------------------------------------------------------------------------------------------
                                                   Date on Which Amount Calculated
            ----------------------------------------------------------------------------------------------------------
Date of        31/10/2018        30/11/2018        31/12/2018        31/01/2019        28/02/2019        31/03/2019
Joining     Contri-  Payable  Contri-  Payable  Contri-  Payable  Contri-  Payable  Contri-  Payable  Contri-  Payable
AGI Scheme  buted             buted             buted             buted             buted             buted
-------------------------------------------------------------------------------------------------------------------------
01/01/2018  25000    20745    27500    22937    30000    25146    32500    27369    35000    29609    37500    31863  

01/02/2018  22500    18605    25000    20783    27500    22976    30000    25184    32500    27408    35000    29648  

01/03/2018  20000    16479    22500    18641    25000    20819    27500    23013    30000    25221    32500    27446  

01/04/2018  17500    14366    20000    16514    22500    18677    25000    20855    27500    23049    30000    25258  

01/05/2018  15000    12280    17500    14413    20000    16561    22500    18725    25000    20903    27500    23097  

01/06/2018  12500    10207    15000    12326    17500    14459    20000    16608    22500    18772    25000    20951  

01/07/2018  10000     8147    12500    10251    15000    12371    17500    14505    20000    16654    22500    18818  

01/08/2018   7500     6101    10000     8191    12500    10295    15000    12415    17500    14549    20000    16698  

01/09/2018   5000     4067     7500     6143    10000     8233    12500    10338    15000    12458    17500    14593  

01/10/2018   2500     2047     5000     4108     7500     6184    10000     8275    12500    10380    15000    12501  

01/11/2018      0        0     2500     2047     5000     4108     7500     6184    10000     8275    12500    10380  

01/12/2018      0        0        0        0     2500     2047     5000     4108     7500     6184    10000     8275  

01/01/2019      0        0        0        0        0        0     2500     2047     5000     4108     7500     6184  

01/02/2019      0        0        0        0        0        0        0        0     2500     2047     5000     4108  

01/03/2019      0        0        0        0        0        0        0        0        0        0     2500     2047  


--------------------------------------------------  End of Report  ------------------------------------------------------
