


CL002B                                              ARMY GROUP INSURANCE FUND                                   Page No. 1 
                                  MATURITY AMOUNT PAYABLE TO MEMBERS OF ARMY GROUP INSURANCE SCHEME
                                                              OFF -- RA
-------------------------------------------------------------------------------------------------------------------------
                                                   Date on Which Amount Calculated
            ----------------------------------------------------------------------------------------------------------
Date of        31/10/2018        30/11/2018        31/12/2018        31/01/2019        28/02/2019        31/03/2019
Joining     Contri-  Payable  Contri-  Payable  Contri-  Payable  Contri-  Payable  Contri-  Payable  Contri-  Payable
AGI Scheme  buted             buted             buted             buted             buted             buted
-------------------------------------------------------------------------------------------------------------------------
01/01/1976 662660  1745961   667660  1762224   672660  1778601   677660  1795094   682660  1811702   687660  1828426  

01/02/1976 662630  1744894   667630  1761150   672630  1777520   677630  1794004   682630  1810605   687630  1827321  

01/03/1976 662600  1743828   667600  1760076   672600  1776438   677600  1792915   682600  1809508   687600  1826217  

01/04/1976 662570  1742782   667570  1759023   672570  1775378   677570  1791847   682570  1808432   687570  1825134  

01/05/1976 662540  1741736   667540  1757970   672540  1774317   677540  1790779   682540  1807357   687540  1824051  

01/06/1976 662510  1740690   667510  1756917   672510  1773257   677510  1789711   682510  1806282   687510  1822968  

01/07/1976 662480  1739666   667480  1755885   672480  1772218   677480  1788665   682480  1805228   687480  1821907  

01/08/1976 662450  1738641   667450  1754853   672450  1771179   677450  1787619   682450  1804174   687450  1820846  

01/09/1976 662420  1737616   667420  1753821   672420  1770139   677420  1786572   682420  1803120   687420  1819784  

01/10/1976 662390  1736592   667390  1752789   672390  1769100   677390  1785526   682390  1802067   687390  1818723  

01/11/1976 662360  1735588   667360  1751778   672360  1768082   677360  1784501   682360  1801034   687360  1817684  

01/12/1976 662330  1734584   667330  1750768   672330  1767065   677330  1783476   682330  1800002   687330  1816644  

01/01/1977 662300  1733581   667300  1749757   672300  1766047   677300  1782451   682300  1798970   687300  1815605  

01/02/1977 662270  1732598   667270  1748767   672270  1765050   677270  1781447   682270  1797959   687270  1814587  

01/03/1977 662240  1731615   667240  1747778   672240  1764054   677240  1780444   682240  1796949   687240  1813570  

01/04/1977 662210  1730632   667210  1746788   672210  1763057   677210  1779440   682210  1795938   687210  1812552  

01/05/1977 662180  1729650   667180  1745798   672180  1762061   677180  1778437   682180  1794928   687180  1811534  

01/06/1977 662150  1728688   667150  1744830   672150  1761085   677150  1777455   682150  1793939   687150  1810539  

01/07/1977 662120  1727726   667120  1743862   672120  1760110   677120  1776473   682120  1792950   687120  1809543  

01/08/1977 662090  1726765   667090  1742893   672090  1759135   677090  1775490   682090  1791961   687090  1808547  

01/09/1977 662060  1725803   667060  1741925   672060  1758160   677060  1774508   682060  1790972   687060  1807551  

01/10/1977 662030  1724862   667030  1740977   672030  1757206   677030  1773548   682030  1790004   687030  1806577  

01/11/1977 662000  1723921   667000  1740030   672000  1756252   677000  1772587   682000  1789037   687000  1805602  

01/12/1977 661970  1722981   666970  1739083   671970  1755298   676970  1771626   681970  1788070   686970  1804628  




CL002B                                              ARMY GROUP INSURANCE FUND                                   Page No. 2 
                                  MATURITY AMOUNT PAYABLE TO MEMBERS OF ARMY GROUP INSURANCE SCHEME
                                                              OFF -- RA
-------------------------------------------------------------------------------------------------------------------------
                                                   Date on Which Amount Calculated
            ----------------------------------------------------------------------------------------------------------
Date of        31/10/2018        30/11/2018        31/12/2018        31/01/2019        28/02/2019        31/03/2019
Joining     Contri-  Payable  Contri-  Payable  Contri-  Payable  Contri-  Payable  Contri-  Payable  Contri-  Payable
AGI Scheme  buted             buted             buted             buted             buted             buted
-------------------------------------------------------------------------------------------------------------------------
01/01/1978 661940  1722061   666940  1738157   671940  1754365   676940  1770687   681940  1787124   686940  1803676  

01/02/1978 661880  1719004   666880  1735078   671880  1751265   676880  1767565   681880  1783980   686880  1800510  

01/03/1978 661820  1715967   666820  1732020   671820  1748185   676820  1764464   681820  1780857   686820  1797365  

01/04/1978 661760  1712973   666760  1729005   671760  1745149   676760  1761406   681760  1777778   686760  1794264  

01/05/1978 661700  1709978   666700  1725989   671700  1742112   676700  1758349   681700  1774699   686700  1791164  

01/06/1978 661640  1707026   666640  1723016   671640  1739118   676640  1755334   681640  1771663   686640  1788106  

01/07/1978 661580  1704095   666580  1720064   671580  1736146   676580  1752340   681580  1768648   686580  1785070  

01/08/1978 661520  1701184   666520  1717133   671520  1733194   676520  1749368   681520  1765655   686520  1782057  

01/09/1978 661460  1698295   666460  1714224   671460  1730264   676460  1746417   681460  1762684   686460  1779064  

01/10/1978 661400  1695427   666400  1711335   671400  1727356   676400  1743488   681400  1759734   686400  1776094  

01/11/1978 661340  1692600   666340  1708489   671340  1724489   676340  1740602   681340  1756828   686340  1773167  

01/12/1978 661280  1689774   666280  1705643   671280  1721623   676280  1737716   681280  1753921   686280  1770240  

01/01/1979 661220  1686989   666220  1702839   671220  1718800   676220  1734872   681220  1751058   686220  1767357  

01/02/1979 661160  1684226   666160  1700056   671160  1715997   676160  1732050   681160  1748216   686160  1764495  

01/03/1979 661100  1681463   666100  1697273   671100  1713195   676100  1729228   681100  1745374   686100  1761633  

01/04/1979 661040  1678741   666040  1694533   671040  1710435   676040  1726449   681040  1742576   686040  1758815  

01/05/1979 660980  1676041   665980  1691814   670980  1707697   675980  1723692   680980  1739799   685980  1756019  

01/06/1979 660920  1673361   665920  1689115   670920  1704980   675920  1720956   680920  1737043   685920  1753244  

01/07/1979 660860  1670703   665860  1686438   670860  1702284   675860  1718241   680860  1734310   685860  1750491  

01/08/1979 660800  1668066   665800  1683782   670800  1699609   675800  1715548   680800  1731597   685800  1747760  

01/09/1979 660740  1665449   665740  1681148   670740  1696956   675740  1712876   680740  1728907   685740  1745050  

01/10/1979 660680  1662854   665680  1678534   670680  1694324   675680  1710225   680680  1726238   685680  1742363  

01/11/1979 660620  1660279   665620  1675942   670620  1691714   675620  1707596   680620  1723590   685620  1739697  

01/12/1979 660560  1657726   665560  1673370   670560  1689124   675560  1704989   680560  1720965   685560  1737053  




CL002B                                              ARMY GROUP INSURANCE FUND                                   Page No. 3 
                                  MATURITY AMOUNT PAYABLE TO MEMBERS OF ARMY GROUP INSURANCE SCHEME
                                                              OFF -- RA
-------------------------------------------------------------------------------------------------------------------------
                                                   Date on Which Amount Calculated
            ----------------------------------------------------------------------------------------------------------
Date of        31/10/2018        30/11/2018        31/12/2018        31/01/2019        28/02/2019        31/03/2019
Joining     Contri-  Payable  Contri-  Payable  Contri-  Payable  Contri-  Payable  Contri-  Payable  Contri-  Payable
AGI Scheme  buted             buted             buted             buted             buted             buted
-------------------------------------------------------------------------------------------------------------------------
01/01/1980 660500  1655173   665500  1670799   670500  1686535   675500  1702381   680500  1718339   685500  1734408  

01/02/1980 660435  1652532   665435  1668140   670435  1683858   675435  1699685   680435  1715624   685435  1731674  

01/03/1980 660370  1649892   665370  1665482   670370  1681180   675370  1696989   680370  1712909   685370  1728940  

01/04/1980 660305  1647273   665305  1662844   670305  1678524   675305  1694314   680305  1710215   685305  1726228  

01/05/1980 660240  1644675   665240  1660228   670240  1675889   675240  1691661   680240  1707543   685240  1723537  

01/06/1980 660175  1642119   665175  1657653   670175  1673297   675175  1689051   680175  1704915   685175  1720890  

01/07/1980 660110  1639583   665110  1655101   670110  1670726   675110  1686462   680110  1702308   685110  1718265  

01/08/1980 660045  1637027   665045  1652526   670045  1668134   675045  1683851   680045  1699679   685045  1715618  

01/09/1980 659980  1634513   664980  1649995   669980  1665585   674980  1681284   679980  1697094   684980  1713014  

01/10/1980 659915  1632020   664915  1647484   669915  1663056   674915  1678738   679915  1694530   684915  1710432  

01/11/1980 659850  1629548   664850  1644994   669850  1660549   674850  1676213   679850  1691987   684850  1707872  

01/12/1980 659785  1627118   664785  1642547   669785  1658085   674785  1673732   679785  1689488   684785  1705355  

01/01/1981 659720  1624666   664720  1640079   669720  1655599   674720  1671229   679720  1686968   684720  1702817  

01/02/1981 659655  1622257   664655  1637653   669655  1653156   674655  1668768   679655  1684490   684655  1700322  

01/03/1981 659590  1619869   664590  1635248   669590  1650734   674590  1666330   679590  1682034   684590  1697849  

01/04/1981 659525  1617502   664525  1632864   669525  1648334   674525  1663912   679525  1679600   684525  1695398  

01/05/1981 659425  1613855   664425  1629192   669425  1644636   674425  1660188   679425  1675850   684425  1691621  

01/06/1981 659325  1610229   664325  1625541   669325  1640959   674325  1656486   679325  1672121   684325  1687867  

01/07/1981 659225  1606646   664225  1621932   669225  1637325   674225  1652826   679225  1668436   684225  1684155  

01/08/1981 659125  1603083   664125  1618344   669125  1633712   674125  1649188   679125  1664772   684125  1680466  

01/09/1981 659025  1599541   664025  1614778   669025  1630121   674025  1645571   679025  1661130   684025  1676798  

01/10/1981 658925  1596042   663925  1611253   668925  1626572   673925  1641997   678925  1657531   683925  1673174  

01/11/1981 658825  1592563   663825  1607750   668825  1623044   673825  1638445   678825  1653954   683825  1669572  

01/12/1981 658725  1589105   663725  1604268   668725  1619538   673725  1634914   678725  1650398   683725  1665991  




CL002B                                              ARMY GROUP INSURANCE FUND                                   Page No. 4 
                                  MATURITY AMOUNT PAYABLE TO MEMBERS OF ARMY GROUP INSURANCE SCHEME
                                                              OFF -- RA
-------------------------------------------------------------------------------------------------------------------------
                                                   Date on Which Amount Calculated
            ----------------------------------------------------------------------------------------------------------
Date of        31/10/2018        30/11/2018        31/12/2018        31/01/2019        28/02/2019        31/03/2019
Joining     Contri-  Payable  Contri-  Payable  Contri-  Payable  Contri-  Payable  Contri-  Payable  Contri-  Payable
AGI Scheme  buted             buted             buted             buted             buted             buted
-------------------------------------------------------------------------------------------------------------------------
01/01/1982 658625  1585690   663625  1600829   668625  1616074   673625  1631426   678625  1646886   683625  1662454  

01/02/1982 658525  1582295   663525  1597410   668525  1612631   673525  1627959   678525  1643395   683525  1658938  

01/03/1982 658425  1578921   663425  1594013   668425  1609210   673425  1624514   678425  1639925   683425  1655445  

01/04/1982 658325  1575590   663325  1590658   668325  1605832   673325  1621112   678325  1636499   683325  1651995  

01/05/1982 658225  1572258   663225  1587303   668225  1602453   673225  1617709   678225  1633073   683225  1648544  

01/06/1982 658125  1568989   663125  1584011   668125  1599138   673125  1614372   678125  1629712   683125  1645159  

01/07/1982 658025  1565720   663025  1580719   668025  1595823   673025  1611034   678025  1626350   683025  1641774  

01/08/1982 657925  1562494   662925  1577470   667925  1592551   672925  1607738   677925  1623032   682925  1638433  

01/09/1982 657825  1559288   662825  1574242   667825  1589301   672825  1604465   677825  1619736   682825  1635113  

01/10/1982 657725  1556103   662725  1571035   667725  1586071   672725  1601213   677725  1616461   682725  1631815  

01/11/1982 657625  1552940   662625  1567849   667625  1582863   672625  1597982   677625  1613207   682625  1628539  

01/12/1982 657525  1549818   662525  1564705   667525  1579697   672525  1594794   677525  1609997   682525  1625306  

01/01/1983 657425  1546696   662425  1561562   667425  1576531   672425  1591606   677425  1606787   682425  1622074  

01/02/1983 657305  1543017   662305  1557857   667305  1572801   672305  1587849   677305  1603004   682305  1618264  

01/03/1983 657185  1539339   662185  1554152   667185  1569070   672185  1584093   677185  1599220   682185  1614454  

01/04/1983 657065  1535702   662065  1550490   667065  1565382   672065  1580379   677065  1595480   682065  1610688  

01/05/1983 656945  1532086   661945  1546849   666945  1561715   671945  1576686   676945  1591762   681945  1606944  

01/06/1983 656825  1528512   661825  1543250   666825  1558091   671825  1573037   676825  1588087   681825  1603243  

01/07/1983 656705  1524959   661705  1539672   666705  1554488   671705  1569409   676705  1584433   681705  1599563  

01/08/1983 656585  1521448   661585  1536137   666585  1550928   671585  1565823   676585  1580823   681585  1595928  

01/09/1983 656465  1517938   661465  1532601   666465  1547368   671465  1562238   676465  1577213   681465  1592292  

01/10/1983 656345  1514469   661345  1529108   666345  1543850   671345  1558696   676345  1573645   681345  1588700  

01/11/1983 656225  1511042   661225  1525657   666225  1540375   671225  1555196   676225  1570121   681225  1585151  

01/12/1983 656105  1507636   661105  1522228   666105  1536921   671105  1551718   676105  1566619   681105  1581624  




CL002B                                              ARMY GROUP INSURANCE FUND                                   Page No. 5 
                                  MATURITY AMOUNT PAYABLE TO MEMBERS OF ARMY GROUP INSURANCE SCHEME
                                                              OFF -- RA
-------------------------------------------------------------------------------------------------------------------------
                                                   Date on Which Amount Calculated
            ----------------------------------------------------------------------------------------------------------
Date of        31/10/2018        30/11/2018        31/12/2018        31/01/2019        28/02/2019        31/03/2019
Joining     Contri-  Payable  Contri-  Payable  Contri-  Payable  Contri-  Payable  Contri-  Payable  Contri-  Payable
AGI Scheme  buted             buted             buted             buted             buted             buted
-------------------------------------------------------------------------------------------------------------------------
01/01/1984 655985  1504251   660985  1518819   665985  1533489   670985  1548262   675985  1563138   680985  1578119  

01/02/1984 655845  1500330   660845  1514870   665845  1529513   670845  1544258   675845  1559106   680845  1574058  

01/03/1984 655705  1496451   660705  1510964   665705  1525579   670705  1540296   675705  1555117   680705  1570041  

01/04/1984 655565  1492593   660565  1507079   665565  1521667   670565  1536357   675565  1551150   680565  1566046  

01/05/1984 655425  1488777   660425  1503236   665425  1517797   670425  1532460   675425  1547225   680425  1562095  

01/06/1984 655285  1484982   660285  1499415   665285  1513949   670285  1528584   675285  1543323   680285  1558165  

01/07/1984 655145  1481229   660145  1495636   665145  1510143   670145  1524752   675145  1539463   680145  1554278  

01/08/1984 655005  1477497   660005  1491877   665005  1506358   670005  1520941   675005  1535626   680005  1550413  

01/09/1984 654865  1473786   659865  1488140   664865  1502595   669865  1517151   674865  1531809   679865  1546570  

01/10/1984 654725  1470117   659725  1484446   664725  1498874   669725  1513404   674725  1528036   679725  1542771  

01/11/1984 654585  1466469   659585  1480772   664585  1495175   669585  1509679   674585  1524285   679585  1538993  

01/12/1984 654445  1462863   659445  1477141   664445  1491518   669445  1505997   674445  1520577   679445  1535259  

01/01/1985 654305  1459278   659305  1473531   664305  1487883   669305  1502336   674305  1516890   679305  1531546  

01/02/1985 654145  1455220   659145  1469444   664145  1483768   669145  1498192   674145  1512717   679145  1527344  

01/03/1985 653985  1451183   658985  1465379   663985  1479674   668985  1494069   673985  1508565   678985  1523163  

01/04/1985 653825  1447188   658825  1461355   663825  1475622   668825  1489989   673825  1504457   678825  1519026  

01/05/1985 653665  1443130   658665  1457269   663665  1471507   668665  1485845   673665  1500284   678665  1514823  

01/06/1985 653505  1439303   658505  1453415   663505  1467626   668505  1481937   673505  1496348   678505  1510860  

01/07/1985 653345  1435392   658345  1449476   663345  1463660   668345  1477943   673345  1492326   678345  1506810  

01/08/1985 653185  1431522   658185  1445580   663185  1459736   668185  1473992   673185  1488347   678185  1502803  

01/09/1985 653025  1427674   658025  1441705   663025  1455834   668025  1470062   673025  1484390   678025  1498818  

01/10/1985 652865  1423868   657865  1437872   662865  1451974   667865  1466175   672865  1480476   677865  1494877  

01/11/1985 652705  1420104   657705  1434081   662705  1448157   667705  1462331   672705  1476605   677705  1490979  

01/12/1985 652545  1416340   657545  1430291   662545  1444340   667545  1458487   672545  1472734   677545  1487081  




CL002B                                              ARMY GROUP INSURANCE FUND                                   Page No. 6 
                                  MATURITY AMOUNT PAYABLE TO MEMBERS OF ARMY GROUP INSURANCE SCHEME
                                                              OFF -- RA
-------------------------------------------------------------------------------------------------------------------------
                                                   Date on Which Amount Calculated
            ----------------------------------------------------------------------------------------------------------
Date of        31/10/2018        30/11/2018        31/12/2018        31/01/2019        28/02/2019        31/03/2019
Joining     Contri-  Payable  Contri-  Payable  Contri-  Payable  Contri-  Payable  Contri-  Payable  Contri-  Payable
AGI Scheme  buted             buted             buted             buted             buted             buted
-------------------------------------------------------------------------------------------------------------------------
01/01/1986 652385  1412618   657385  1426543   662385  1440565   667385  1454686   672385  1468906   677385  1483226  

01/02/1986 652205  1408485   657205  1422381   662205  1436375   667205  1450466   672205  1464657   677205  1478947  

01/03/1986 652025  1404353   657025  1418220   662025  1432184   667025  1446246   672025  1460407   677025  1474667  

01/04/1986 651845  1400284   656845  1414122   661845  1428058   666845  1442091   671845  1456223   676845  1470453  

01/05/1986 651665  1396235   656665  1410045   661665  1423952   666665  1437957   671665  1452060   676665  1466261  

01/06/1986 651485  1392208   656485  1405990   661485  1419868   666485  1433844   671485  1447918   676485  1462091  

01/07/1986 651305  1388223   656305  1401977   661305  1415827   666305  1429774   671305  1443820   676305  1457964  

01/08/1986 651125  1384259   656125  1397985   661125  1411807   666125  1425726   671125  1439743   676125  1453858  

01/09/1986 650945  1380336   655945  1394035   660945  1407829   665945  1421721   670945  1435710   675945  1449796  

01/10/1986 650765  1376456   655765  1390127   660765  1403894   665765  1417758   670765  1431719   675765  1445778  

01/11/1986 650585  1372597   655585  1386241   660585  1399981   665585  1413817   670585  1427750   675585  1441782  

01/12/1986 650405  1368758   655405  1382376   660405  1396088   665405  1409897   670405  1423803   675405  1437807  

01/01/1987 650225  1364962   655225  1378553   660225  1392239   665225  1406021   670225  1419899   675225  1433875  

01/02/1987 650025  1360777   655025  1374338   660025  1387994   665025  1401747   670025  1415595   675025  1429541  

01/03/1987 649825  1356612   654825  1370144   659825  1383771   664825  1397494   669825  1411313   674825  1425229  

01/04/1987 649625  1352490   654625  1365993   659625  1379591   664625  1393284   669625  1407073   674625  1420959  

01/05/1987 649425  1348409   654425  1361884   659425  1375453   664425  1389117   669425  1402877   674425  1416734  

01/06/1987 649225  1344350   654225  1357796   659225  1371336   664225  1384972   669225  1398703   674225  1412530  

01/07/1987 649025  1340332   654025  1353750   659025  1367262   664025  1380869   669025  1394571   674025  1408370  

01/08/1987 648825  1336336   653825  1349726   658825  1363210   663825  1376788   668825  1390462   673825  1404231  

01/09/1987 648625  1332381   653625  1345744   658625  1359199   663625  1372750   668625  1386395   673625  1400136  

01/10/1987 648425  1328448   653425  1341783   658425  1355211   663425  1368733   668425  1382350   673425  1396063  

01/11/1987 648225  1324557   653225  1337864   658225  1351264   663225  1364759   668225  1378348   673225  1392033  

01/12/1987 648025  1320686   653025  1333966   658025  1347339   663025  1360806   668025  1374368   673025  1388025  




CL002B                                              ARMY GROUP INSURANCE FUND                                   Page No. 7 
                                  MATURITY AMOUNT PAYABLE TO MEMBERS OF ARMY GROUP INSURANCE SCHEME
                                                              OFF -- RA
-------------------------------------------------------------------------------------------------------------------------
                                                   Date on Which Amount Calculated
            ----------------------------------------------------------------------------------------------------------
Date of        31/10/2018        30/11/2018        31/12/2018        31/01/2019        28/02/2019        31/03/2019
Joining     Contri-  Payable  Contri-  Payable  Contri-  Payable  Contri-  Payable  Contri-  Payable  Contri-  Payable
AGI Scheme  buted             buted             buted             buted             buted             buted
-------------------------------------------------------------------------------------------------------------------------
01/01/1988 647825  1316858   652825  1330111   657825  1343457   662825  1356897   667825  1370431   672825  1384060  

01/02/1988 647625  1313050   652625  1326277   657625  1339596   662625  1353009   667625  1366516   672625  1380117  

01/03/1988 647425  1309285   652425  1322485   657425  1335778   662425  1349163   667425  1362643   672425  1376218  

01/04/1988 647225  1305540   652225  1318714   657225  1331980   662225  1345340   667225  1358793   672225  1372340  

01/05/1988 647025  1301859   652025  1315007   657025  1328247   662025  1341580   667025  1355007   672025  1368528  

01/06/1988 646825  1298198   651825  1311321   656825  1324535   661825  1337842   666825  1351243   671825  1364737  

01/07/1988 646625  1294559   651625  1307656   656625  1320844   661625  1334126   666625  1347500   671625  1360968  

01/08/1988 646425  1290961   651425  1304033   656425  1317196   661425  1330452   666425  1343800   671425  1357243  

01/09/1988 646225  1287406   651225  1300453   656225  1313591   661225  1326821   666225  1340144   671225  1353561  

01/10/1988 646025  1283893   651025  1296914   656025  1310028   661025  1323233   666025  1336531   671025  1349922  

01/11/1988 645825  1280400   650825  1293398   655825  1306486   660825  1319667   665825  1332940   670825  1346306  

01/12/1988 645625  1276929   650625  1289902   655625  1302966   660625  1316122   665625  1329370   670625  1342711  

01/01/1989 645425  1273499   650425  1286448   655425  1299488   660425  1312619   665425  1325843   670425  1339159  

01/02/1989 645225  1270112   650225  1283037   655225  1296053   660225  1309160   665225  1322359   670225  1335651  

01/03/1989 645025  1266745   650025  1279647   655025  1292639   660025  1305722   665025  1318898   670025  1332165  

01/04/1989 644825  1263421   649825  1276299   654825  1289268   659825  1302327   664825  1315479   669825  1328722  

01/05/1989 644550  1259283   649550  1272132   654550  1285072   659550  1298102   664550  1311224   669550  1324437  

01/06/1989 644275  1255184   649275  1268005   654275  1280915   659275  1293916   664275  1307009   669275  1320193  

01/07/1989 644000  1251124   649000  1263916   654000  1276798   659000  1289770   664000  1302833   669000  1315988  

01/08/1989 643725  1247101   648725  1259865   653725  1272719   658725  1285662   663725  1298697   668725  1311823  

01/09/1989 643450  1243117   648450  1255853   653450  1268678   658450  1281593   663450  1294599   668450  1307696  

01/10/1989 643175  1239170   648175  1251878   653175  1264676   658175  1277563   663175  1290540   668175  1303609  

01/11/1989 642900  1235260   647900  1247941   652900  1260711   657900  1273570   662900  1286520   667900  1299560  

01/12/1989 642625  1231387   647625  1244040   652625  1256783   657625  1269615   662625  1282537   667625  1295549  




CL002B                                              ARMY GROUP INSURANCE FUND                                   Page No. 8 
                                  MATURITY AMOUNT PAYABLE TO MEMBERS OF ARMY GROUP INSURANCE SCHEME
                                                              OFF -- RA
-------------------------------------------------------------------------------------------------------------------------
                                                   Date on Which Amount Calculated
            ----------------------------------------------------------------------------------------------------------
Date of        31/10/2018        30/11/2018        31/12/2018        31/01/2019        28/02/2019        31/03/2019
Joining     Contri-  Payable  Contri-  Payable  Contri-  Payable  Contri-  Payable  Contri-  Payable  Contri-  Payable
AGI Scheme  buted             buted             buted             buted             buted             buted
-------------------------------------------------------------------------------------------------------------------------
01/01/1990 642350  1227550   647350  1240177   652350  1252892   657350  1265696   662350  1278591   667350  1291576  

01/02/1990 642075  1223749   647075  1236349   652075  1249037   657075  1261815   662075  1274682   667075  1287639  

01/03/1990 641800  1219984   646800  1232557   651800  1245219   656800  1257970   661800  1270810   666800  1283740  

01/04/1990 641525  1216254   646525  1228801   651525  1241437   656525  1254161   661525  1266974   666525  1279877  

01/05/1990 641250  1212558   646250  1225080   651250  1237689   656250  1250387   661250  1263174   666250  1276051  

01/06/1990 640975  1208898   645975  1221394   650975  1233977   655975  1246649   660975  1259410   665975  1272260  

01/07/1990 640700  1205272   645700  1217742   650700  1230300   655700  1242946   660700  1255681   665700  1268505  

01/08/1990 640425  1201679   645425  1214125   650425  1226657   655425  1239278   660425  1251987   665425  1264785  

01/09/1990 640150  1198121   645150  1210541   650150  1223048   655150  1235644   660150  1248327   665150  1261100  

01/10/1990 639875  1194595   644875  1206991   649875  1219473   654875  1232043   659875  1244702   664875  1257449  

01/11/1990 639600  1191102   644600  1203474   649600  1215931   654600  1228477   659600  1241110   664600  1253832  

01/12/1990 639325  1187643   644325  1199989   649325  1212423   654325  1224943   659325  1237552   664325  1250249  

01/01/1991 639050  1184215   644050  1196538   649050  1208947   654050  1221443   659050  1234027   664050  1246699  

01/02/1991 638775  1180819   643775  1193118   648775  1205503   653775  1217976   658775  1230535   663775  1243183  

01/03/1991 638500  1177455   643500  1189731   648500  1202092   653500  1214540   658500  1227076   663500  1239699  

01/04/1991 638225  1174123   643225  1186375   648225  1198713   653225  1211137   658225  1223649   663225  1236248  

01/05/1991 637950  1170837   642950  1183066   647950  1195380   652950  1207781   657950  1220270   662950  1232845  

01/06/1991 637675  1167581   642675  1179787   647675  1192079   652675  1204457   657675  1216922   662675  1229474  

01/07/1991 637400  1164356   642400  1176540   647400  1188809   652400  1201164   657400  1213605   662400  1226134  

01/08/1991 637125  1161161   642125  1173322   647125  1185569   652125  1197901   657125  1210320   662125  1222826  

01/09/1991 636850  1157996   641850  1170135   646850  1182359   651850  1194669   656850  1207065   661850  1219548  

01/10/1991 636575  1154860   641575  1166977   646575  1179179   651575  1191466   656575  1203840   661575  1216300  

01/11/1991 636300  1151753   641300  1163848   646300  1176028   651300  1188294   656300  1200645   661300  1213083  

01/12/1991 636025  1148675   641025  1160749   646025  1172907   651025  1185151   656025  1197480   661025  1209896  




CL002B                                              ARMY GROUP INSURANCE FUND                                   Page No. 9 
                                  MATURITY AMOUNT PAYABLE TO MEMBERS OF ARMY GROUP INSURANCE SCHEME
                                                              OFF -- RA
-------------------------------------------------------------------------------------------------------------------------
                                                   Date on Which Amount Calculated
            ----------------------------------------------------------------------------------------------------------
Date of        31/10/2018        30/11/2018        31/12/2018        31/01/2019        28/02/2019        31/03/2019
Joining     Contri-  Payable  Contri-  Payable  Contri-  Payable  Contri-  Payable  Contri-  Payable  Contri-  Payable
AGI Scheme  buted             buted             buted             buted             buted             buted
-------------------------------------------------------------------------------------------------------------------------
01/01/1992 635750  1145626   640750  1157678   645750  1169815   650750  1182037   655750  1194344   660750  1206738  

01/02/1992 635475  1142605   640475  1154636   645475  1166751   650475  1178951   655475  1191237   660475  1203609  

01/03/1992 635200  1139612   640200  1151622   645200  1163716   650200  1175895   655200  1188159   660200  1200510  

01/04/1992 634925  1136647   639925  1148636   644925  1160709   649925  1172867   654925  1185110   659925  1197439  

01/05/1992 634650  1133736   639650  1145705   644650  1157757   649650  1169894   654650  1182117   659650  1194425  

01/06/1992 634375  1130852   639375  1142801   644375  1154833   649375  1166950   654375  1179151   659375  1191438  

01/07/1992 634100  1127995   639100  1139923   644100  1151936   649100  1164032   654100  1176213   659100  1188480  

01/08/1992 633825  1125164   638825  1137073   643825  1149065   648825  1161141   653825  1173302   658825  1185548  

01/09/1992 633550  1122361   638550  1134250   643550  1146222   648550  1158278   653550  1170419   658550  1182645  

01/10/1992 633275  1119584   638275  1131454   643275  1143406   648275  1155443   653275  1167564   658275  1179770  

01/11/1992 633000  1116834   638000  1128684   643000  1140617   648000  1152634   653000  1164736   658000  1176922  

01/12/1992 632725  1114110   637725  1125941   642725  1137855   647725  1149853   652725  1161935   657725  1174101  

01/01/1993 632450  1111412   637450  1123225   642450  1135119   647450  1147098   652450  1159160   657450  1171307  

01/02/1993 632175  1108740   637175  1120534   642175  1132410   647175  1144369   652175  1156413   657175  1168540  

01/03/1993 631900  1106094   636900  1117869   641900  1129726   646900  1141667   651900  1153691   656900  1165800  

01/04/1993 631625  1103473   636625  1115229   641625  1127068   646625  1138990   651625  1150996   656625  1163085  

01/05/1993 631350  1100901   636350  1112639   641350  1124460   646350  1136363   651350  1148351   656350  1160422  

01/06/1993 631075  1098353   636075  1110074   641075  1121877   646075  1133762   651075  1145731   656075  1157784  

01/07/1993 630800  1095830   635800  1107533   640800  1119318   645800  1131185   650800  1143136   655800  1155171  

01/08/1993 630525  1093331   635525  1105016   640525  1116783   645525  1128633   650525  1140566   655525  1152583  

01/09/1993 630250  1090855   635250  1102523   640250  1114273   645250  1126105   650250  1138020   655250  1150019  

01/10/1993 629975  1088403   634975  1100054   639975  1111787   644975  1123601   649975  1135499   654975  1147480  

01/11/1993 629700  1085975   634700  1097609   639700  1109324   644700  1121121   649700  1133001   654700  1144965  

01/12/1993 629425  1083569   634425  1095186   639425  1106884   644425  1118665   649425  1130528   654425  1142474  




CL002B                                              ARMY GROUP INSURANCE FUND                                   Page No. 10 
                                  MATURITY AMOUNT PAYABLE TO MEMBERS OF ARMY GROUP INSURANCE SCHEME
                                                              OFF -- RA
-------------------------------------------------------------------------------------------------------------------------
                                                   Date on Which Amount Calculated
            ----------------------------------------------------------------------------------------------------------
Date of        31/10/2018        30/11/2018        31/12/2018        31/01/2019        28/02/2019        31/03/2019
Joining     Contri-  Payable  Contri-  Payable  Contri-  Payable  Contri-  Payable  Contri-  Payable  Contri-  Payable
AGI Scheme  buted             buted             buted             buted             buted             buted
-------------------------------------------------------------------------------------------------------------------------
01/01/1994 629150  1081187   634150  1092787   639150  1104468   644150  1116231   649150  1128077   654150  1140006  

01/02/1994 628875  1078826   633875  1090410   638875  1102075   643875  1113821   648875  1125650   653875  1137562  

01/03/1994 628600  1076489   633600  1088056   638600  1099704   643600  1111434   648600  1123246   653600  1135141  

01/04/1994 628325  1074173   633325  1085724   638325  1097356   643325  1109069   648325  1120865   653325  1132743  

01/05/1994 628050  1071868   633050  1083402   638050  1095018   643050  1106715   648050  1118494   653050  1130356  

01/06/1994 627775  1069584   632775  1081103   637775  1092702   642775  1104383   647775  1116146   652775  1127991  

01/07/1994 627500  1067322   632500  1078825   637500  1090408   642500  1102073   647500  1113820   652500  1125649  

01/08/1994 627225  1065081   632225  1076568   637225  1088136   642225  1099785   647225  1111515   652225  1123328  

01/09/1994 626950  1062862   631950  1074333   636950  1085885   641950  1097518   646950  1109233   651950  1121030  

01/10/1994 626675  1060663   631675  1072119   636675  1083656   641675  1095273   646675  1106972   651675  1118753  

01/11/1994 626400  1058485   631400  1069926   636400  1081447   641400  1093049   646400  1104733   651400  1116498  

01/12/1994 626125  1056328   631125  1067754   636125  1079260   641125  1090846   646125  1102514   651125  1114264  

01/01/1995 625850  1054191   630850  1065602   635850  1077093   640850  1088664   645850  1100316   650850  1112051  

01/02/1995 625575  1052074   630575  1063470   635575  1074946   640575  1086502   645575  1098140   650575  1109859  

01/03/1995 625300  1049977   630300  1061358   635300  1072819   640300  1084361   645300  1095983   650300  1107687  

01/04/1995 625025  1047900   630025  1059266   635025  1070713   640025  1082239   645025  1093847   650025  1105536  

01/05/1995 624750  1045861   629750  1057213   634750  1068645   639750  1080157   644750  1091750   649750  1103424  

01/06/1995 624475  1043841   629475  1055179   634475  1066597   639475  1078095   644475  1089673   649475  1101333  

01/07/1995 624200  1041840   629200  1053164   634200  1064568   639200  1076051   644200  1087615   649200  1099260  

01/08/1995 623925  1039858   628925  1051168   633925  1062558   638925  1074027   643925  1085577   648925  1097208  

01/09/1995 623650  1037894   628650  1049191   633650  1060566   638650  1072022   643650  1083557   648650  1095174  

01/10/1995 623375  1035949   628375  1047232   633375  1058593   638375  1070035   643375  1081557   648375  1093160  

01/11/1995 623100  1034022   628100  1045291   633100  1056639   638100  1068067   643100  1079575   648100  1091164  

01/12/1995 622825  1032112   627825  1043368   632825  1054703   637825  1066117   642825  1077612   647825  1089187  




CL002B                                              ARMY GROUP INSURANCE FUND                                   Page No. 11 
                                  MATURITY AMOUNT PAYABLE TO MEMBERS OF ARMY GROUP INSURANCE SCHEME
                                                              OFF -- RA
-------------------------------------------------------------------------------------------------------------------------
                                                   Date on Which Amount Calculated
            ----------------------------------------------------------------------------------------------------------
Date of        31/10/2018        30/11/2018        31/12/2018        31/01/2019        28/02/2019        31/03/2019
Joining     Contri-  Payable  Contri-  Payable  Contri-  Payable  Contri-  Payable  Contri-  Payable  Contri-  Payable
AGI Scheme  buted             buted             buted             buted             buted             buted
-------------------------------------------------------------------------------------------------------------------------
01/01/1996 622550  1030221   627550  1041464   632550  1052785   637550  1064186   642550  1075667   647550  1087228  

01/02/1996 622275  1028347   627275  1039577   632275  1050885   637275  1062272   642275  1073740   647275  1085288  

01/03/1996 622000  1026491   627000  1037707   632000  1049002   637000  1060377   642000  1071831   647000  1083365  

01/04/1996 621725  1024652   626725  1035855   631725  1047137   636725  1058499   641725  1069939   646725  1081461  

01/05/1996 621450  1022854   626450  1034045   631450  1045315   636450  1056663   641450  1068091   646450  1079599  

01/06/1996 621175  1021074   626175  1032252   631175  1043509   636175  1054845   641175  1066260   646175  1077755  

01/07/1996 620900  1019309   625900  1030475   630900  1041720   635900  1053043   640900  1064446   645900  1075928  

01/08/1996 620625  1017561   625625  1028715   630625  1039947   635625  1051258   640625  1062648   645625  1074118  

01/09/1996 620350  1015830   625350  1026971   630350  1038191   635350  1049490   640350  1060867   645350  1072325  

01/10/1996 620075  1014114   625075  1025243   630075  1036451   635075  1047737   640075  1059103   645075  1070548  

01/11/1996 619800  1012414   624800  1023532   629800  1034727   634800  1046001   639800  1057355   644800  1068788  

01/12/1996 619525  1010730   624525  1021836   629525  1033019   634525  1044282   639525  1055623   644525  1067044  

01/01/1997 619250  1009061   624250  1020155   629250  1031327   634250  1042577   639250  1053907   644250  1065315  

01/02/1997 618975  1007408   623975  1018490   628975  1029650   633975  1040889   638975  1052206   643975  1063603  

01/03/1997 618700  1005769   623700  1016840   628700  1027989   633700  1039216   638700  1050522   643700  1061907  

01/04/1997 618425  1004146   623425  1015206   628425  1026343   633425  1037559   638425  1048853   643425  1060226  

01/05/1997 618150  1002560   623150  1013608   628150  1024734   633150  1035938   638150  1047221   643150  1058583  

01/06/1997 617875  1000987   622875  1012025   627875  1023140   632875  1034333   637875  1045604   642875  1056955  

01/07/1997 617600   999429   622600  1010456   627600  1021560   632600  1032742   637600  1044002   642600  1055341  

01/08/1997 617325   997886   622325  1008902   627325  1019995   632325  1031165   637325  1042415   642325  1053743  

01/09/1997 617050   996356   622050  1007361   627050  1018444   632050  1029604   637050  1040842   642050  1052159  

01/10/1997 616440   992920   621440  1003901   626440  1014959   631440  1026095   636440  1037308   641440  1048600  

01/11/1997 615830   989515   620830  1000472   625830  1011506   630830  1022618   635830  1033807   640830  1045075  

01/12/1997 615220   986142   620220   997075   625220  1008085   630220  1019172   635220  1030337   640220  1041581  




CL002B                                              ARMY GROUP INSURANCE FUND                                   Page No. 12 
                                  MATURITY AMOUNT PAYABLE TO MEMBERS OF ARMY GROUP INSURANCE SCHEME
                                                              OFF -- RA
-------------------------------------------------------------------------------------------------------------------------
                                                   Date on Which Amount Calculated
            ----------------------------------------------------------------------------------------------------------
Date of        31/10/2018        30/11/2018        31/12/2018        31/01/2019        28/02/2019        31/03/2019
Joining     Contri-  Payable  Contri-  Payable  Contri-  Payable  Contri-  Payable  Contri-  Payable  Contri-  Payable
AGI Scheme  buted             buted             buted             buted             buted             buted
-------------------------------------------------------------------------------------------------------------------------
01/01/1998 614610   982799   619610   993709   624610  1004695   629610  1015759   634610  1026900   639610  1038119  

01/02/1998 614000   979486   619000   990373   624000  1001336   629000  1012376   634000  1023493   639000  1034689  

01/03/1998 613390   976204   618390   987067   623390   998007   628390  1009024   633390  1020118   638390  1031289  

01/04/1998 612780   972951   617780   983792   622780   994709   627780  1005702   632780  1016773   637780  1027921  

01/05/1998 612170   969756   617170   980575   622170   991469   627170  1002440   632170  1013488   637170  1024613  

01/06/1998 611560   966591   616560   977387   621560   988259   626560   999207   631560  1010232   636560  1021335  

01/07/1998 610950   963454   615950   974228   620950   985078   625950   996004   630950  1007006   635950  1018086  

01/08/1998 610340   960345   615340   971098   620340   981925   625340   992829   630340  1003809   635340  1014867  

01/09/1998 609730   957264   614730   967995   619730   978801   624730   989683   629730  1000641   634730  1011677  

01/10/1998 609120   954212   614120   964921   619120   975706   624120   986566   629120   997502   634120  1008515  

01/11/1998 608510   951186   613510   961874   618510   972638   623510   983476   628510   994391   633510  1005382  

01/12/1998 607900   948188   612900   958855   617900   969597   622900   980415   627900   991308   632900  1002277  

01/01/1999 607290   945217   612290   955863   617290   966584   622290   977380   627290   988252   632290   999200  

01/02/1999 606680   942272   611680   952898   616680   963598   621680   974373   626680   985224   631680   996151  

01/03/1999 606070   939354   611070   949959   616070   960639   621070   971393   626070   982223   631070   993129  

01/04/1999 605460   936462   610460   947047   615460   957706   620460   968440   625460   979249   630460   990134  

01/05/1999 604850   933631   609850   944196   614850   954835   619850   965549   624850   976338   629850   987202  

01/06/1999 604240   930826   609240   941371   614240   951990   619240   962684   624240   973453   629240   984297  

01/07/1999 603630   928045   608630   938571   613630   949171   618630   959845   623630   970594   628630   981418  

01/08/1999 603020   925290   608020   935797   613020   946377   618020   957032   623020   967761   628020   978565  

01/09/1999 602410   922560   607410   933048   612410   943609   617410   954244   622410   964953   627410   975738  

01/10/1999 601800   919855   606800   930323   611800   940865   616800   951481   621800   962171   626800   972936  

01/11/1999 601190   917173   606190   927623   611190   938146   616190   948743   621190   959414   626190   970160  

01/12/1999 600580   914516   605580   924947   610580   935451   615580   946029   620580   956681   625580   967408  




CL002B                                              ARMY GROUP INSURANCE FUND                                   Page No. 13 
                                  MATURITY AMOUNT PAYABLE TO MEMBERS OF ARMY GROUP INSURANCE SCHEME
                                                              OFF -- RA
-------------------------------------------------------------------------------------------------------------------------
                                                   Date on Which Amount Calculated
            ----------------------------------------------------------------------------------------------------------
Date of        31/10/2018        30/11/2018        31/12/2018        31/01/2019        28/02/2019        31/03/2019
Joining     Contri-  Payable  Contri-  Payable  Contri-  Payable  Contri-  Payable  Contri-  Payable  Contri-  Payable
AGI Scheme  buted             buted             buted             buted             buted             buted
-------------------------------------------------------------------------------------------------------------------------
01/01/2000 599970   911883   604970   922295   609970   932781   614970   943340   619970   953973   624970   964681  

01/02/2000 599360   909273   604360   919667   609360   930134   614360   940675   619360   951289   624360   961978  

01/03/2000 598750   906687   603750   917063   608750   927512   613750   938034   618750   948630   623750   959300  

01/04/2000 598140   904123   603140   914481   608140   924912   613140   935416   618140   945994   623140   956645  

01/05/2000 597530   901614   602530   911955   607530   922368   612530   932854   617530   943413   622530   954047  

01/06/2000 596920   899127   601920   909450   606920   919846   611920   930314   616920   940856   621920   951472  

01/07/2000 596310   896663   601310   906969   606310   917347   611310   927798   616310   938322   621310   948920  

01/08/2000 595700   894221   600700   904510   605700   914871   610700   925304   615700   935811   620700   946391  

01/09/2000 595090   891801   600090   902073   605090   912416   610090   922833   615090   933322   620090   943885  

01/10/2000 594480   889403   599480   899658   604480   909984   609480   920384   614480   930856   619480   941401  

01/11/2000 593870   887026   598870   897264   603870   907574   608870   917956   613870   928412   618870   938940  

01/12/2000 593260   884671   598260   894892   603260   905186   608260   915551   613260   925989   618260   936501  

01/01/2001 592650   882336   597650   892542   602650   902818   607650   913167   612650   923589   617650   934083  

01/02/2001 592040   880023   597040   890212   602040   900472   607040   910805   612040   921210   617040   931688  

01/03/2001 591430   877730   596430   887903   601430   898147   606430   908463   611430   918852   616430   929313  

01/04/2001 590820   875458   595820   885615   600820   895843   605820   906143   610820   916515   615820   926960  

01/05/2001 590210   873215   595210   883356   600210   893569   605210   903853   610210   914209   615210   924638  

01/06/2001 589600   870992   594600   881117   599600   891314   604600   901582   609600   911922   614600   922335  

01/07/2001 588990   868787   593990   878897   598990   889078   603990   899330   608990   909655   613990   920052  

01/08/2001 588380   866600   593380   876695   598380   886860   603380   897097   608380   907406   613380   917787  

01/09/2001 587770   864431   592770   874511   597770   884661   602770   894883   607770   905176   612770   915542  

01/10/2001 587160   862281   592160   872346   597160   882481   602160   892687   607160   902965   612160   913315  

01/11/2001 586550   860149   591550   870198   596550   880318   601550   890509   606550   900772   611550   911106  

01/12/2001 585940   858034   590940   868069   595940   878174   600940   888350   605940   898597   610940   908917  




CL002B                                              ARMY GROUP INSURANCE FUND                                   Page No. 14 
                                  MATURITY AMOUNT PAYABLE TO MEMBERS OF ARMY GROUP INSURANCE SCHEME
                                                              OFF -- RA
-------------------------------------------------------------------------------------------------------------------------
                                                   Date on Which Amount Calculated
            ----------------------------------------------------------------------------------------------------------
Date of        31/10/2018        30/11/2018        31/12/2018        31/01/2019        28/02/2019        31/03/2019
Joining     Contri-  Payable  Contri-  Payable  Contri-  Payable  Contri-  Payable  Contri-  Payable  Contri-  Payable
AGI Scheme  buted             buted             buted             buted             buted             buted
-------------------------------------------------------------------------------------------------------------------------
01/01/2002 585330   855937   590330   865957   595330   876047   600330   886208   605330   896441   610330   906745  

01/02/2002 584720   853857   589720   863862   594720   873938   599720   884084   604720   894302   609720   904591  

01/03/2002 584110   851795   589110   861785   594110   871847   599110   881978   604110   892181   609110   902455  

01/04/2002 583500   849749   588500   859726   593500   869772   598500   879889   603500   890077   608500   900337  

01/05/2002 582890   847745   587890   857708   592890   867740   597890   877843   602890   888017   607890   898262  

01/06/2002 582280   845757   587280   855705   592280   865724   597280   875812   602280   885972   607280   896203  

01/07/2002 581670   843783   586670   853718   591670   863723   596670   873797   601670   883943   606670   894159  

01/08/2002 581060   841825   586060   851746   591060   861737   596060   871798   601060   881929   606060   892131  

01/09/2002 580450   839882   585450   849790   590450   859767   595450   869814   600450   879931   605450   890119  

01/10/2002 579840   837953   584840   847847   589840   857810   594840   867843   599840   877947   604840   888121  

01/11/2002 579230   836037   584230   845918   589230   855867   594230   865887   599230   875977   604230   886137  

01/12/2002 578620   834135   583620   844002   588620   853938   593620   863944   598620   874020   603620   884167  

01/01/2003 578010   832245   583010   842099   588010   852022   593010   862015   598010   872077   603010   882211  

01/02/2003 577400   830369   582400   840210   587400   850120   592400   860099   597400   870148   602400   880268  

01/03/2003 576790   828506   581790   838334   586790   848231   591790   858197   596790   868233   601790   878339  

01/04/2003 576180   826657   581180   836471   586180   846355   591180   856308   596180   866330   601180   876423  

01/05/2003 575570   824820   580570   834621   585570   844492   590570   854432   595570   864441   600570   874521  

01/06/2003 574960   822995   579960   832784   584960   842642   589960   852569   594960   862565   599960   872632  

01/07/2003 574350   821184   579350   830960   584350   840805   589350   850719   594350   860702   599350   870756  

01/08/2003 573740   819385   578740   829148   583740   838980   588740   848882   593740   858852   598740   868893  

01/09/2003 573130   817620   578130   827371   583130   837191   588130   847079   593130   857037   598130   867065  

01/10/2003 572130   814570   577130   824300   582130   834098   587130   843965   592130   853901   597130   863907  

01/11/2003 571130   811540   576130   821249   581130   831026   586130   840871   591130   850785   596130   860769  

01/12/2003 570130   808529   575130   818217   580130   827972   585130   837796   590130   847689   595130   857651  




CL002B                                              ARMY GROUP INSURANCE FUND                                   Page No. 15 
                                  MATURITY AMOUNT PAYABLE TO MEMBERS OF ARMY GROUP INSURANCE SCHEME
                                                              OFF -- RA
-------------------------------------------------------------------------------------------------------------------------
                                                   Date on Which Amount Calculated
            ----------------------------------------------------------------------------------------------------------
Date of        31/10/2018        30/11/2018        31/12/2018        31/01/2019        28/02/2019        31/03/2019
Joining     Contri-  Payable  Contri-  Payable  Contri-  Payable  Contri-  Payable  Contri-  Payable  Contri-  Payable
AGI Scheme  buted             buted             buted             buted             buted             buted
-------------------------------------------------------------------------------------------------------------------------
01/01/2004 569130   805538   574130   815204   579130   824939   584130   834741   589130   844613   594130   854553  

01/02/2004 568130   802566   573130   812211   578130   821925   583130   831706   588130   841556   593130   851475  

01/03/2004 567130   799612   572130   809237   577130   818929   582130   828690   587130   838519   592130   848417  

01/04/2004 566130   796677   571130   806282   576130   815953   581130   825693   586130   835501   591130   845378  

01/05/2004 565130   793795   570130   803379   575130   813030   580130   822749   585130   832536   590130   842392  

01/06/2004 564130   790929   569130   800493   574130   810124   579130   819822   584130   829589   589130   839424  

01/07/2004 563130   788079   568130   797623   573130   807234   578130   816912   583130   826659   588130   836473  

01/08/2004 562130   785246   567130   794770   572130   804361   577130   814019   582130   823745   587130   833539  

01/09/2004 561130   782428   566130   791933   571130   801504   576130   811142   581130   820848   586130   830622  

01/10/2004 560130   779627   565130   789112   570130   798664   575130   808282   580130   817968   585130   827721  

01/11/2004 559130   776842   564130   786308   569130   795839   574130   805438   579130   815104   584130   824837  

01/12/2004 558130   774073   563130   783519   568130   793031   573130   802610   578130   812256   583130   821970  

01/01/2005 557130   771320   562130   780747   567130   790239   572130   799799   577130   809425   582130   819119  

01/02/2005 555630   767214   560630   776612   565630   786075   570630   795605   575630   805202   580630   814866  

01/03/2005 554130   763131   559130   772500   564130   781935   569130   791436   574130   801004   579130   810638  

01/04/2005 552630   759072   557630   768412   562630   777818   567630   787290   572630   796829   577630   806434  

01/05/2005 551130   755082   556130   764394   561130   773772   566130   783216   571130   792726   576130   802302  

01/06/2005 549630   751115   554630   760399   559630   769749   564630   779165   569630   788646   574630   798194  

01/07/2005 548130   747170   553130   756428   558130   765750   563130   775137   568130   784590   573130   794110  

01/08/2005 546630   743249   551630   752479   556630   761773   561630   771132   566630   780558   571630   790049  

01/09/2005 545130   739350   550130   748552   555130   757819   560130   767151   565130   776548   570130   786011  

01/10/2005 543630   735473   548630   744649   553630   753888   558630   763192   563630   772562   568630   781997  

01/11/2005 542130   731619   547130   740767   552130   749979   557130   759256   562130   768598   567130   778005  

01/12/2005 540630   727787   545630   736908   550630   746093   555630   755343   560630   764657   565630   774037  




CL002B                                              ARMY GROUP INSURANCE FUND                                   Page No. 16 
                                  MATURITY AMOUNT PAYABLE TO MEMBERS OF ARMY GROUP INSURANCE SCHEME
                                                              OFF -- RA
-------------------------------------------------------------------------------------------------------------------------
                                                   Date on Which Amount Calculated
            ----------------------------------------------------------------------------------------------------------
Date of        31/10/2018        30/11/2018        31/12/2018        31/01/2019        28/02/2019        31/03/2019
Joining     Contri-  Payable  Contri-  Payable  Contri-  Payable  Contri-  Payable  Contri-  Payable  Contri-  Payable
AGI Scheme  buted             buted             buted             buted             buted             buted
-------------------------------------------------------------------------------------------------------------------------
01/01/2006 539130   723977   544130   733071   549130   742229   554130   751452   559130   760739   564130   770091  

01/02/2006 537630   720188   542630   729256   547630   738388   552630   747583   557630   756843   562630   766168  

01/03/2006 536130   716422   541130   725463   546130   734568   551130   743737   556130   752970   561130   762267  

01/04/2006 534630   712677   539630   721692   544630   730770   549630   739912   554630   749118   559630   758389  

01/05/2006 533130   708996   538130   717985   543130   727037   548130   736153   553130   745333   558130   754577  

01/06/2006 531630   705336   536630   714300   541630   723326   546630   732416   551630   741570   556630   750788  

01/07/2006 530130   701698   535130   710636   540130   719637   545130   728701   550130   737828   555130   747020  

01/08/2006 528630   698081   533630   706993   538630   715969   543630   725007   548630   734109   553630   743274  

01/09/2006 527130   694484   532130   703372   537130   712322   542130   721334   547130   730410   552130   739550  

01/10/2006 525630   690909   530630   699771   535630   708696   540630   717683   545630   726733   550630   735847  

01/11/2006 524130   687353   529130   696191   534130   705090   539130   714052   544130   723077   549130   732165  

01/12/2006 522630   683819   527630   692632   532630   701506   537630   710443   542630   719442   547630   728505  

01/01/2007 521130   680305   526130   689093   531130   697942   536130   706854   541130   715828   546130   724866  

01/02/2007 519630   676810   524630   685574   529630   694399   534630   703286   539630   712235   544630   721247  

01/03/2007 518130   673336   523130   682076   528130   690876   533130   699738   538130   708663   543130   717650  

01/04/2007 516630   669882   521630   678597   526630   687373   531630   696211   536630   705111   541630   714073  

01/05/2007 515130   666488   520130   675179   525130   683931   530130   692745   535130   701620   540130   710558  

01/06/2007 513630   663115   518630   671782   523630   680510   528630   689300   533630   698151   538630   707064  

01/07/2007 512130   659762   517130   668406   522130   677110   527130   685876   532130   694703   537130   703592  

01/08/2007 510630   656430   515630   665050   520630   673731   525630   682473   530630   691276   535630   700141  

01/09/2007 509130   653118   514130   661715   519130   670373   524130   679091   529130   687871   534130   696712  

01/10/2007 507630   649826   512630   658401   517630   667035   522630   675730   527630   684486   532630   693303  

01/11/2007 506130   646555   511130   655107   516130   663718   521130   672390   526130   681122   531130   689916  

01/12/2007 504630   643304   509630   651833   514630   660421   519630   669069   524630   677779   529630   686549  




CL002B                                              ARMY GROUP INSURANCE FUND                                   Page No. 17 
                                  MATURITY AMOUNT PAYABLE TO MEMBERS OF ARMY GROUP INSURANCE SCHEME
                                                              OFF -- RA
-------------------------------------------------------------------------------------------------------------------------
                                                   Date on Which Amount Calculated
            ----------------------------------------------------------------------------------------------------------
Date of        31/10/2018        30/11/2018        31/12/2018        31/01/2019        28/02/2019        31/03/2019
Joining     Contri-  Payable  Contri-  Payable  Contri-  Payable  Contri-  Payable  Contri-  Payable  Contri-  Payable
AGI Scheme  buted             buted             buted             buted             buted             buted
-------------------------------------------------------------------------------------------------------------------------
01/01/2008 503130   640073   508130   648579   513130   657144   518130   665770   523130   674456   528130   683203  

01/02/2008 501630   636861   506630   645345   511630   653887   516630   662490   521630   671153   526630   679877  

01/03/2008 500130   633669   505130   642130   510130   650651   515130   659231   520130   667871   525130   676572  

01/04/2008 498630   630497   503630   638936   508630   647434   513630   655991   518630   664609   523630   673286  

01/05/2008 497130   627399   502130   635816   507130   644292   512130   652827   517130   661423   522130   670078  

01/06/2008 495630   624321   500630   632717   505630   641171   510630   649685   515630   658258   520630   666891  

01/07/2008 494130   621264   499130   629638   504130   638071   509130   646562   514130   655114   519130   663725  

01/08/2008 492630   618227   497630   626579   502630   634990   507630   643461   512630   651990   517630   660580  

01/09/2008 491130   615209   496130   623541   501130   631930   506130   640379   511130   648887   516130   657455  

01/10/2008 489630   612211   494630   620522   499630   628890   504630   637318   509630   645804   514630   654350  

01/11/2008 488130   609233   493130   617523   498130   625870   503130   634277   508130   642742   513130   651266  

01/12/2008 486630   606275   491630   614543   496630   622870   501630   631255   506630   639699   511630   648202  

01/01/2009 485130   603335   490130   611583   495130   619889   500130   628254   505130   636676   510130   645158  

01/02/2009 482940   599210   487940   607429   492940   615706   497940   624041   502940   632435   507940   640887  

01/03/2009 480750   595112   485750   603302   490750   611550   495750   619856   500750   628220   505750   636643  

01/04/2009 478560   591041   483560   599202   488560   607422   493560   615698   498560   624033   503560   632427  

01/05/2009 476370   587069   481370   595203   486370   603394   491370   611643   496370   619949   501370   628314  

01/06/2009 474180   583124   479180   591230   484180   599394   489180   607614   494180   615892   499180   624229  

01/07/2009 471990   579205   476990   587284   481990   595419   486990   603612   491990   611862   496990   620170  

01/08/2009 469800   575312   474800   583363   479800   591472   484800   599636   489800   607859   494800   616138  

01/09/2009 467610   571444   472610   579469   477610   587550   482610   595687   487610   603882   492610   612133  

01/10/2009 465420   567602   470420   575600   475420   583654   480420   591764   485420   599931   490420   608155  

01/11/2009 463230   563786   468230   571757   473230   579783   478230   587866   483230   596006   488230   604202  

01/12/2009 461040   559994   466040   567939   471040   575938   476040   583994   481040   592107   486040   600276  




CL002B                                              ARMY GROUP INSURANCE FUND                                   Page No. 18 
                                  MATURITY AMOUNT PAYABLE TO MEMBERS OF ARMY GROUP INSURANCE SCHEME
                                                              OFF -- RA
-------------------------------------------------------------------------------------------------------------------------
                                                   Date on Which Amount Calculated
            ----------------------------------------------------------------------------------------------------------
Date of        31/10/2018        30/11/2018        31/12/2018        31/01/2019        28/02/2019        31/03/2019
Joining     Contri-  Payable  Contri-  Payable  Contri-  Payable  Contri-  Payable  Contri-  Payable  Contri-  Payable
AGI Scheme  buted             buted             buted             buted             buted             buted
-------------------------------------------------------------------------------------------------------------------------
01/01/2010 458850   556228   463850   564146   468850   572119   473850   580148   478850   588233   483850   596376  

01/02/2010 456660   552486   461660   560378   466660   568324   471660   576327   476660   584386   481660   592501  

01/03/2010 454470   548769   459470   556634   464470   564555   469470   572531   474470   580563   479470   588652  

01/04/2010 452280   545076   457280   552916   462280   560810   467280   568760   472280   576766   477280   584828  

01/05/2010 450090   541430   455090   549244   460090   557113   465090   565037   470090   573017   475090   581052  

01/06/2010 447900   537807   452900   545596   457900   553439   462900   561337   467900   569291   472900   577300  

01/07/2010 445710   534207   450710   541970   455710   549788   460710   557660   465710   565588   470710   573572  

01/08/2010 443520   530629   448520   538367   453520   546160   458520   554007   463520   561909   468520   569866  

01/09/2010 441330   527073   446330   534787   451330   542554   456330   550376   461330   558252   466330   566184  

01/10/2010 439140   523540   444140   531228   449140   538971   454140   546767   459140   554619   464140   562525  

01/11/2010 436950   520029   441950   527693   446950   535410   451950   543182   456950   551008   461950   558889  

01/12/2010 434760   516541   439760   524180   444760   531873   449760   539620   454760   547421   459760   555277  

01/01/2011 432570   513075   437570   520690   442570   528359   447570   536081   452570   543857   457570   551688  

01/02/2011 430380   509633   435380   517224   440380   524868   445380   532565   450380   540317   455380   548123  

01/03/2011 428190   506213   433190   513780   438190   521400   443190   529073   448190   536800   453190   544582  

01/04/2011 426000   502816   431000   510359   436000   517955   441000   525604   446000   533307   451000   541064  

01/05/2011 422000   496161   427000   503657   432000   511206   437000   518808   442000   526463   447000   534172  

01/06/2011 418000   489552   423000   497002   428000   504504   433000   512059   438000   519667   443000   527328  

01/07/2011 414000   482988   419000   490392   424000   497848   429000   505356   434000   512917   439000   520531  

01/08/2011 410000   476469   415000   483827   420000   491237   425000   498699   430000   506213   435000   513780  

01/09/2011 406000   469994   411000   477307   416000   484671   421000   492087   426000   499555   431000   507075  

01/10/2011 402000   463564   407000   470832   412000   478150   417000   485520   422000   492942   427000   500416  

01/11/2011 398000   457178   403000   464401   408000   471674   413000   478999   418000   486375   423000   493802  

01/12/2011 394000   450835   399000   458013   404000   465242   409000   472522   414000   479852   419000   487234  




CL002B                                              ARMY GROUP INSURANCE FUND                                   Page No. 19 
                                  MATURITY AMOUNT PAYABLE TO MEMBERS OF ARMY GROUP INSURANCE SCHEME
                                                              OFF -- RA
-------------------------------------------------------------------------------------------------------------------------
                                                   Date on Which Amount Calculated
            ----------------------------------------------------------------------------------------------------------
Date of        31/10/2018        30/11/2018        31/12/2018        31/01/2019        28/02/2019        31/03/2019
Joining     Contri-  Payable  Contri-  Payable  Contri-  Payable  Contri-  Payable  Contri-  Payable  Contri-  Payable
AGI Scheme  buted             buted             buted             buted             buted             buted
-------------------------------------------------------------------------------------------------------------------------
01/01/2012 390000   444535   395000   451670   400000   458854   405000   466088   410000   473374   415000   480710  

01/02/2012 386000   438279   391000   445369   396000   452509   401000   459699   406000   466940   411000   474231  

01/03/2012 382000   432065   387000   439111   392000   446208   397000   453354   402000   460550   407000   467796  

01/04/2012 378000   425893   383000   432896   388000   439949   393000   447051   398000   454203   403000   461405  

01/05/2012 374000   419864   379000   426825   384000   433835   389000   440894   394000   448003   399000   455161  

01/06/2012 370000   413875   375000   420794   380000   427762   385000   434779   390000   441844   395000   448960  

01/07/2012 366000   407927   371000   414804   376000   421730   381000   428704   386000   435728   391000   442800  

01/08/2012 362000   402019   367000   408855   372000   415739   377000   422671   382000   429652   387000   436682  

01/09/2012 358000   396150   363000   402945   368000   409788   373000   416678   378000   423617   383000   430605  

01/10/2012 354000   390322   359000   397075   364000   403877   369000   410726   374000   417623   379000   424568  

01/11/2012 350000   384532   355000   391245   360000   398006   365000   404813   370000   411669   375000   418573  

01/12/2012 346000   378781   351000   385454   356000   392174   361000   398941   366000   405755   371000   412617  

01/01/2013 342000   373069   347000   379702   352000   386381   357000   393107   362000   399881   367000   406702  

01/02/2013 338000   367395   343000   373988   348000   380628   353000   387313   358000   394046   363000   400826  

01/03/2013 334000   361759   339000   368313   344000   374912   349000   381558   354000   388251   359000   394990  

01/04/2013 330000   356161   335000   362676   340000   369236   345000   375842   350000   382494   355000   389193  

01/05/2013 326000   350665   331000   357140   336000   363662   341000   370229   346000   376842   351000   383501  

01/06/2013 322000   345204   327000   351642   332000   358124   337000   364652   342000   371226   347000   377846  

01/07/2013 318000   339780   323000   346179   328000   352624   333000   359113   338000   365648   343000   372229  

01/08/2013 314000   334391   319000   340753   324000   347159   329000   353610   334000   360107   339000   366649  

01/09/2013 310000   329038   315000   335362   320000   341731   325000   348144   330000   354602   335000   361105  

01/10/2013 305000   322211   310000   328487   315000   334807   320000   341172   325000   347581   330000   354035  

01/11/2013 300000   315429   305000   321657   310000   327929   315000   334246   320000   340606   325000   347012  

01/12/2013 295000   308691   300000   314872   305000   321097   310000   327365   315000   333678   320000   340034  




CL002B                                              ARMY GROUP INSURANCE FUND                                   Page No. 20 
                                  MATURITY AMOUNT PAYABLE TO MEMBERS OF ARMY GROUP INSURANCE SCHEME
                                                              OFF -- RA
-------------------------------------------------------------------------------------------------------------------------
                                                   Date on Which Amount Calculated
            ----------------------------------------------------------------------------------------------------------
Date of        31/10/2018        30/11/2018        31/12/2018        31/01/2019        28/02/2019        31/03/2019
Joining     Contri-  Payable  Contri-  Payable  Contri-  Payable  Contri-  Payable  Contri-  Payable  Contri-  Payable
AGI Scheme  buted             buted             buted             buted             buted             buted
-------------------------------------------------------------------------------------------------------------------------
01/01/2014 290000   301998   295000   308132   300000   314310   305000   320531   310000   326795   315000   333103  

01/02/2014 285000   295349   290000   301437   295000   307567   300000   313741   305000   319957   310000   326218  

01/03/2014 280000   288744   285000   294785   290000   300869   295000   306996   300000   313165   305000   319378  

01/04/2014 275000   282182   280000   288178   285000   294215   290000   300295   295000   306417   300000   312583  

01/05/2014 270000   275774   275000   281724   280000   287716   285000   293750   290000   299827   295000   305946  

01/06/2014 265000   269408   270000   275313   275000   281261   280000   287250   285000   293280   290000   299354  

01/07/2014 260000   263084   265000   268946   270000   274848   275000   280792   280000   286778   285000   292806  

01/08/2014 255000   256803   260000   262621   265000   268479   270000   274378   275000   280319   280000   286301  

01/09/2014 250000   250565   255000   256338   260000   262152   265000   268007   270000   273903   275000   279840  

01/10/2014 245000   244367   250000   250097   255000   255868   260000   261679   265000   267530   270000   273423  

01/11/2014 240000   238212   245000   243898   250000   249625   255000   255392   260000   261200   265000   267048  

01/12/2014 235000   232097   240000   237741   245000   243425   250000   249148   255000   254912   260000   260716  

01/01/2015 230000   226023   235000   231625   240000   237265   245000   242946   250000   248666   255000   254426  

01/02/2015 225000   219990   230000   225549   235000   231147   240000   236785   245000   242461   250000   248178  

01/03/2015 220000   213997   225000   219514   230000   225070   235000   230665   240000   236299   245000   241972  

01/04/2015 215000   208044   220000   213519   225000   219033   230000   224586   235000   230177   240000   235808  

01/05/2015 210000   202232   215000   207666   220000   213139   225000   218650   230000   224200   235000   229788  

01/06/2015 205000   196460   210000   201854   215000   207286   220000   212756   225000   218264   230000   223811  

01/07/2015 200000   190728   205000   196082   210000   201474   215000   206903   220000   212370   225000   217876  

01/08/2015 195000   185037   200000   190351   205000   195702   210000   201091   215000   206517   220000   211982  

01/09/2015 190000   179385   195000   184659   200000   189970   205000   195319   210000   200705   215000   206129  

01/10/2015 185000   173772   190000   179007   195000   184279   200000   189587   205000   194933   210000   200317  

01/11/2015 180000   168195   185000   173391   190000   178623   195000   183892   200000   189198   205000   194541  

01/12/2015 175000   162658   180000   167815   185000   173008   190000   178237   195000   183504   200000   188807  




CL002B                                              ARMY GROUP INSURANCE FUND                                   Page No. 21 
                                  MATURITY AMOUNT PAYABLE TO MEMBERS OF ARMY GROUP INSURANCE SCHEME
                                                              OFF -- RA
-------------------------------------------------------------------------------------------------------------------------
                                                   Date on Which Amount Calculated
            ----------------------------------------------------------------------------------------------------------
Date of        31/10/2018        30/11/2018        31/12/2018        31/01/2019        28/02/2019        31/03/2019
Joining     Contri-  Payable  Contri-  Payable  Contri-  Payable  Contri-  Payable  Contri-  Payable  Contri-  Payable
AGI Scheme  buted             buted             buted             buted             buted             buted
-------------------------------------------------------------------------------------------------------------------------
01/01/2016 170000   157160   175000   162278   180000   167433   185000   172623   190000   177850   195000   183113  

01/02/2016 165000   151701   170000   156782   175000   161897   180000   167049   185000   172237   190000   177461  

01/03/2016 160000   146282   165000   151324   170000   156402   175000   161515   180000   166664   185000   171849  

01/04/2016 155000   140901   160000   145906   165000   150945   170000   156020   175000   161130   180000   166277  

01/05/2016 150000   135651   155000   140619   160000   145621   165000   150659   170000   155732   175000   160840  

01/06/2016 145000   130439   150000   135370   155000   140335   160000   145336   165000   150371   170000   155442  

01/07/2016 140000   125263   145000   130157   150000   135086   155000   140050   160000   145048   165000   150082  

01/08/2016 135000   120124   140000   124982   145000   129875   150000   134802   155000   139763   160000   144760  

01/09/2016 130000   115021   135000   119844   140000   124700   145000   129591   150000   134516   155000   139475  

01/10/2016 125000   109954   130000   114741   135000   119562   140000   124417   145000   129306   150000   134229  

01/11/2016 120000   105129   125000   109882   130000   114669   135000   119489   140000   124343   145000   129231  

01/12/2016 115000   100337   120000   105057   125000   109810   130000   114596   135000   119416   140000   124270  

01/01/2017 110000    95580   115000   100266   120000   104986   125000   109738   130000   114524   135000   119343  

01/02/2017 105000    90856   110000    95509   115000   100195   120000   104914   125000   109666   130000   114451  

01/03/2017 100000    86164   105000    90784   110000    95437   115000   100122   120000   104841   125000   109592  

01/04/2017  95000    81503   100000    86091   105000    90711   110000    95363   115000   100048   120000   104766  

01/05/2017  90000    76930    95000    81486   100000    86073   105000    90693   110000    95345   115000   100030  

01/06/2017  85000    72387    90000    76911    95000    81466   100000    86054   105000    90674   110000    95326  

01/07/2017  80000    67874    85000    72366    90000    76890    95000    81445   100000    86033   105000    90652  

01/08/2017  75000    63391    80000    67852    85000    72344    90000    76867    95000    81422   100000    86009  

01/09/2017  70000    58937    75000    63367    80000    67827    85000    72319    90000    76842    95000    81397  

01/10/2017  65000    54513    70000    58911    75000    63341    80000    67801    85000    72292    90000    76815  

01/11/2017  60000    50118    65000    54485    70000    58883    75000    63312    80000    67773    85000    72264  

01/12/2017  55000    45751    60000    50087    65000    54455    70000    58853    75000    63282    80000    67741  




CL002B                                              ARMY GROUP INSURANCE FUND                                   Page No. 22 
                                  MATURITY AMOUNT PAYABLE TO MEMBERS OF ARMY GROUP INSURANCE SCHEME
                                                              OFF -- RA
-------------------------------------------------------------------------------------------------------------------------
                                                   Date on Which Amount Calculated
            ----------------------------------------------------------------------------------------------------------
Date of        31/10/2018        30/11/2018        31/12/2018        31/01/2019        28/02/2019        31/03/2019
Joining     Contri-  Payable  Contri-  Payable  Contri-  Payable  Contri-  Payable  Contri-  Payable  Contri-  Payable
AGI Scheme  buted             buted             buted             buted             buted             buted
-------------------------------------------------------------------------------------------------------------------------
01/01/2018  50000    41411    55000    45718    60000    50054    65000    54422    70000    58819    75000    63248  

01/02/2018  45000    37132    50000    41408    55000    45714    60000    50051    65000    54418    70000    58816  

01/03/2018  40000    32879    45000    37126    50000    41402    55000    45709    60000    50045    65000    54412  

01/04/2018  35000    28654    40000    32871    45000    37117    50000    41393    55000    45700    60000    50036  

01/05/2018  30000    24481    35000    28669    40000    32886    45000    37133    50000    41409    55000    45715  

01/06/2018  25000    20335    30000    24494    35000    28682    40000    32899    45000    37146    50000    41422  

01/07/2018  20000    16216    25000    20346    30000    24504    35000    28692    40000    32910    45000    37156  

01/08/2018  15000    12123    20000    16224    25000    20354    30000    24513    35000    28701    40000    32918  

01/09/2018  10000     8056    15000    12129    20000    16230    25000    20360    30000    24518    35000    28706  

01/10/2018   5000     4015    10000     8060    15000    12132    20000    16233    25000    20363    30000    24522  

01/11/2018      0        0     5000     4015    10000     8060    15000    12132    20000    16233    25000    20363  

01/12/2018      0        0        0        0     5000     4015    10000     8060    15000    12132    20000    16233  

01/01/2019      0        0        0        0        0        0     5000     4015    10000     8060    15000    12132  

01/02/2019      0        0        0        0        0        0        0        0     5000     4015    10000     8060  

01/03/2019      0        0        0        0        0        0        0        0        0        0     5000     4015  


--------------------------------------------------  End of Report  ------------------------------------------------------
