


CL002B                                              ARMY GROUP INSURANCE FUND                                   Page No. 1 
                                  MATURITY AMOUNT PAYABLE TO MEMBERS OF ARMY GROUP INSURANCE SCHEME
                                                             JCO/OR -- TA
-------------------------------------------------------------------------------------------------------------------------
                                                   Date on Which Amount Calculated
            ----------------------------------------------------------------------------------------------------------
Date of        31/10/2018        30/11/2018        31/12/2018        31/01/2019        28/02/2019        31/03/2019
Joining     Contri-  Payable  Contri-  Payable  Contri-  Payable  Contri-  Payable  Contri-  Payable  Contri-  Payable
AGI Scheme  buted             buted             buted             buted             buted             buted
-------------------------------------------------------------------------------------------------------------------------
01/10/1984 161575   239035   161575   240711   161575   242400   161575   244100   161575   245812   161575   247537  

01/11/1984 146575   226541   161575   238889   161575   240565   161575   242252   161575   243952   161575   245663  

01/12/1984 146575   224836   146575   226414   161575   238761   161575   240436   161575   242123   161575   243821  

01/01/1985 146575   223129   146575   224694   146575   226270   161575   238617   161575   240291   161575   241976  

01/02/1985 146575   221471   146575   223025   146575   224589   146575   226165   161575   238510   161575   240184  

01/03/1985 146575   219786   146575   221327   146575   222880   146575   224443   146575   226018   161575   238363  

01/04/1985 151800   225328   151800   226909   151800   228500   151800   230103   151800   231717   151800   233343  

01/05/1985 151800   223629   151800   225198   151800   226777   151800   228368   151800   229970   151800   231583  

01/06/1985 151800   221960   151800   223517   151800   225085   151800   226664   151800   228254   151800   229855  

01/07/1985 151800   220264   151800   221809   151800   223365   151800   224931   151800   226509   151800   228098  

01/08/1985 151800   218619   151800   220152   151800   221696   151800   223251   151800   224817   151800   226394  

01/09/1985 161325   234089   161325   235731   161325   237385   161325   239050   161325   240727   161325   242416  

01/10/1985 161325   232345   161325   233975   161325   235616   161325   237269   161325   238933   161325   240609  

01/11/1985 146325   219909   161325   232211   161325   233840   161325   235480   161325   237132   161325   238795  

01/12/1985 146325   218263   146325   219794   161325   232095   161325   233723   161325   235362   161325   237013  

01/01/1986 146325   216632   146325   218152   146325   219682   161325   231983   161325   233610   161325   235249  

01/02/1986 146325   214994   146325   216502   146325   218020   146325   219550   161325   231849   161325   233476  

01/03/1986 146325   213385   146325   214882   146325   216389   146325   217907   146325   219436   161325   231735  

01/04/1986 151550   218966   151550   220502   151550   222049   151550   223607   151550   225175   151550   226755  

01/05/1986 151550   217306   151550   218830   151550   220365   151550   221911   151550   223467   151550   225035  

01/06/1986 151550   215676   151550   217189   151550   218712   151550   220246   151550   221791   151550   223347  

01/07/1986 151550   214075   151550   215577   151550   217089   151550   218612   151550   220145   151550   221690  

01/08/1986 151550   212469   151550   213959   151550   215460   151550   216971   151550   218493   151550   220026  

01/09/1986 161075   227978   161075   229577   161075   231188   161075   232809   161075   234442   161075   236087  




CL002B                                              ARMY GROUP INSURANCE FUND                                   Page No. 2 
                                  MATURITY AMOUNT PAYABLE TO MEMBERS OF ARMY GROUP INSURANCE SCHEME
                                                             JCO/OR -- TA
-------------------------------------------------------------------------------------------------------------------------
                                                   Date on Which Amount Calculated
            ----------------------------------------------------------------------------------------------------------
Date of        31/10/2018        30/11/2018        31/12/2018        31/01/2019        28/02/2019        31/03/2019
Joining     Contri-  Payable  Contri-  Payable  Contri-  Payable  Contri-  Payable  Contri-  Payable  Contri-  Payable
AGI Scheme  buted             buted             buted             buted             buted             buted
-------------------------------------------------------------------------------------------------------------------------
01/10/1986 161075   226272   161075   227860   161075   229458   161075   231068   161075   232688   161075   234321  

01/11/1986 146075   213894   161075   226154   161075   227740   161075   229338   161075   230947   161075   232567  

01/12/1986 146075   212306   146075   213795   161075   226054   161075   227640   161075   229237   161075   230845  

01/01/1987 146075   210714   146075   212192   146075   213680   161075   225939   161075   227524   161075   229120  

01/02/1987 146075   209133   146075   210600   146075   212077   146075   213565   161075   225823   161075   227407  

01/03/1987 146075   207563   146075   209019   146075   210485   146075   211962   146075   213449   161075   225705  

01/04/1987 151300   213202   151300   214698   151300   216204   151300   217720   151300   219248   151300   220786  

01/05/1987 151300   211599   151300   213084   151300   214578   151300   216084   151300   217599   151300   219126  

01/06/1987 151300   210027   151300   211500   151300   212984   151300   214478   151300   215983   151300   217498  

01/07/1987 151300   208465   151300   209928   151300   211400   151300   212883   151300   214376   151300   215880  

01/08/1987 151300   206897   151300   208349   151300   209810   151300   211282   151300   212764   151300   214256  

01/09/1987 160825   222445   160825   224006   160825   225577   160825   227159   160825   228753   160825   230357  

01/10/1987 160825   220797   160825   222346   160825   223906   160825   225476   160825   227058   160825   228651  

01/11/1987 145825   208458   160825   220679   160825   222227   160825   223786   160825   225356   160825   226937  

01/12/1987 145825   206908   145825   208359   160825   220580   160825   222127   160825   223686   160825   225255  

01/01/1988 145825   205354   145825   206795   145825   208246   160825   220466   160825   222012   160825   223570  

01/02/1988 145825   203832   145825   205261   145825   206701   145825   208151   160825   220371   160825   221917  

01/03/1988 145825   202300   145825   203719   145825   205148   145825   206587   145825   208036   160825   220255  

01/04/1988 151050   207978   151050   209437   151050   210906   151050   212385   151050   213875   151050   215375  

01/05/1988 151050   206413   151050   207861   151050   209319   151050   210788   151050   212266   151050   213755  

01/06/1988 151050   204880   151050   206317   151050   207764   151050   209222   151050   210689   151050   212167  

01/07/1988 151050   203357   151050   204783   151050   206220   151050   207666   151050   209123   151050   210590  

01/08/1988 151050   201827   151050   203243   151050   204669   151050   206104   151050   207550   151050   209006  

01/09/1988 160575   217433   160575   218958   160575   220494   160575   222041   160575   223598   160575   225167  




CL002B                                              ARMY GROUP INSURANCE FUND                                   Page No. 3 
                                  MATURITY AMOUNT PAYABLE TO MEMBERS OF ARMY GROUP INSURANCE SCHEME
                                                             JCO/OR -- TA
-------------------------------------------------------------------------------------------------------------------------
                                                   Date on Which Amount Calculated
            ----------------------------------------------------------------------------------------------------------
Date of        31/10/2018        30/11/2018        31/12/2018        31/01/2019        28/02/2019        31/03/2019
Joining     Contri-  Payable  Contri-  Payable  Contri-  Payable  Contri-  Payable  Contri-  Payable  Contri-  Payable
AGI Scheme  buted             buted             buted             buted             buted             buted
-------------------------------------------------------------------------------------------------------------------------
01/10/1988 160575   215824   160575   217338   160575   218862   160575   220397   160575   221943   160575   223500  

01/11/1988 145575   203542   160575   215729   160575   217242   160575   218766   160575   220301   160575   221846  

01/12/1988 145575   202011   145575   203428   160575   215615   160575   217127   160575   218650   160575   220184  

01/01/1989 145575   200516   145575   201922   145575   203339   160575   215524   160575   217036   160575   218559  

01/02/1989 145575   199031   145575   200427   145575   201833   145575   203249   160575   215434   160575   216946  

01/03/1989 145575   197558   145575   198944   145575   200339   145575   201744   145575   203160   160575   215344  

01/04/1989 150800   203274   150800   204700   150800   206136   150800   207582   150800   209038   150800   210504  

01/05/1989 150800   201767   150800   203183   150800   204608   150800   206043   150800   207489   150800   208944  

01/06/1989 150800   200272   150800   201677   150800   203092   150800   204517   150800   205951   150800   207396  

01/07/1989 150800   198788   150800   200182   150800   201586   150800   203000   150800   204424   150800   205858  

01/08/1989 150800   197316   150800   198700   150800   200094   150800   201498   150800   202911   150800   204334  

01/09/1989 160325   212960   160325   214454   160325   215958   160325   217473   160325   218999   160325   220535  

01/10/1989 160325   211390   160325   212872   160325   214366   160325   215869   160325   217384   160325   218908  

01/11/1989 145325   199146   160325   211303   160325   212785   160325   214277   160325   215780   160325   217294  

01/12/1989 145325   197673   145325   199060   160325   211216   160325   212697   160325   214189   160325   215692  

01/01/1990 145325   196217   145325   197593   145325   198979   160325   211134   160325   212615   160325   214107  

01/02/1990 145325   194771   145325   196137   145325   197513   145325   198898   160325   211053   160325   212533  

01/03/1990 145325   193336   145325   194692   145325   196058   145325   197433   145325   198818   160325   210972  

01/04/1990 150550   199095   150550   200492   150550   201898   150550   203314   150550   204741   150550   206177  

01/05/1990 150550   197630   150550   199016   150550   200412   150550   201818   150550   203233   150550   204659  

01/06/1990 150550   196175   150550   197551   150550   198937   150550   200332   150550   201738   150550   203153  

01/07/1990 150550   194730   150550   196096   150550   197472   150550   198857   150550   200252   150550   201657  

01/08/1990 150550   193298   150550   194654   150550   196020   150550   197395   150550   198779   150550   200174  

01/09/1990 160075   208982   160075   210448   160075   211924   160075   213411   160075   214908   160075   216415  




CL002B                                              ARMY GROUP INSURANCE FUND                                   Page No. 4 
                                  MATURITY AMOUNT PAYABLE TO MEMBERS OF ARMY GROUP INSURANCE SCHEME
                                                             JCO/OR -- TA
-------------------------------------------------------------------------------------------------------------------------
                                                   Date on Which Amount Calculated
            ----------------------------------------------------------------------------------------------------------
Date of        31/10/2018        30/11/2018        31/12/2018        31/01/2019        28/02/2019        31/03/2019
Joining     Contri-  Payable  Contri-  Payable  Contri-  Payable  Contri-  Payable  Contri-  Payable  Contri-  Payable
AGI Scheme  buted             buted             buted             buted             buted             buted
-------------------------------------------------------------------------------------------------------------------------
01/10/1990 160075   207450   160075   208905   160075   210371   160075   211846   160075   213332   160075   214829  

01/11/1990 145075   195245   160075   207374   160075   208829   160075   210294   160075   211769   160075   213254  

01/12/1990 145075   193810   145075   195170   160075   207298   160075   208753   160075   210217   160075   211691  

01/01/1991 145075   192391   145075   193741   145075   195100   160075   207228   160075   208682   160075   210145  

01/02/1991 145075   190983   145075   192323   145075   193672   145075   195030   160075   207158   160075   208611  

01/03/1991 145075   189585   145075   190915   145075   192254   145075   193603   145075   194961   160075   207088  

01/04/1991 150300   195381   150300   196752   150300   198132   150300   199521   150300   200921   150300   202330  

01/05/1991 150300   193952   150300   195312   150300   196682   150300   198062   150300   199451   150300   200850  

01/06/1991 150300   192533   150300   193883   150300   195243   150300   196613   150300   197992   150300   199381  

01/07/1991 150300   191124   150300   192464   150300   193815   150300   195174   150300   196543   150300   197922  

01/08/1991 150300   189727   150300   191058   150300   192398   150300   193748   150300   195107   150300   196475  

01/09/1991 159825   205445   159825   206887   159825   208338   159825   209799   159825   211271   159825   212753  

01/10/1991 159825   203948   159825   205379   159825   206819   159825   208270   159825   209731   159825   211202  

01/11/1991 144825   191777   159825   203882   159825   205312   159825   206752   159825   208203   159825   209663  

01/12/1991 144825   190377   144825   191712   159825   203816   159825   205246   159825   206686   159825   208136  

01/01/1992 144825   188991   144825   190317   144825   191652   159825   203756   159825   205185   159825   206624  

01/02/1992 144825   187616   144825   188932   144825   190257   144825   191592   159825   203695   159825   205124  

01/03/1992 144825   186251   144825   187557   144825   188873   144825   190198   144825   191532   159825   203635  

01/04/1992 150050   192079   150050   193427   150050   194784   150050   196150   150050   197526   150050   198911  

01/05/1992 150050   190682   150050   192020   150050   193367   150050   194723   150050   196089   150050   197465  

01/06/1992 150050   189295   150050   190623   150050   191960   150050   193307   150050   194663   150050   196028  

01/07/1992 150050   187918   150050   189236   150050   190564   150050   191900   150050   193246   150050   194602  

01/08/1992 150050   186553   150050   187861   150050   189179   150050   190506   150050   191842   150050   193188  

01/09/1992 159575   202302   159575   203721   159575   205150   159575   206589   159575   208038   159575   209498  




CL002B                                              ARMY GROUP INSURANCE FUND                                   Page No. 5 
                                  MATURITY AMOUNT PAYABLE TO MEMBERS OF ARMY GROUP INSURANCE SCHEME
                                                             JCO/OR -- TA
-------------------------------------------------------------------------------------------------------------------------
                                                   Date on Which Amount Calculated
            ----------------------------------------------------------------------------------------------------------
Date of        31/10/2018        30/11/2018        31/12/2018        31/01/2019        28/02/2019        31/03/2019
Joining     Contri-  Payable  Contri-  Payable  Contri-  Payable  Contri-  Payable  Contri-  Payable  Contri-  Payable
AGI Scheme  buted             buted             buted             buted             buted             buted
-------------------------------------------------------------------------------------------------------------------------
01/10/1992 159575   200835   159575   202244   159575   203663   159575   205091   159575   206530   159575   207979  

01/11/1992 144575   188695   159575   200778   159575   202186   159575   203605   159575   205033   159575   206471  

01/12/1992 144575   187324   144575   188638   159575   200721   159575   202129   159575   203547   159575   204975  

01/01/1993 144575   185969   144575   187273   144575   188587   159575   200669   159575   202077   159575   203494  

01/02/1993 144575   184623   144575   185918   144575   187222   144575   188535   159575   200617   159575   202025  

01/03/1993 144575   183287   144575   184573   144575   185867   144575   187171   144575   188484   159575   200566  

01/04/1993 149800   189145   149800   190471   149800   191807   149800   193153   149800   194508   149800   195872  

01/05/1993 149800   187776   149800   189093   149800   190420   149800   191755   149800   193101   149800   194455  

01/06/1993 149800   186418   149800   187725   149800   189042   149800   190368   149800   191704   149800   193048  

01/07/1993 149800   185069   149800   186368   149800   187675   149800   188991   149800   190317   149800   191652  

01/08/1993 149800   183733   149800   185022   149800   186320   149800   187627   149800   188943   149800   190268  

01/09/1993 159325   199511   159325   200910   159325   202320   159325   203739   159325   205168   159325   206607  

01/10/1993 159325   198072   159325   199462   159325   200861   159325   202270   159325   203689   159325   205118  

01/11/1993 144325   185960   159325   198024   159325   199413   159325   200812   159325   202221   159325   203639  

01/12/1993 144325   184617   144325   185912   159325   197976   159325   199365   159325   200763   159325   202171  

01/01/1994 144325   183289   144325   184575   144325   185869   159325   197933   159325   199321   159325   200719  

01/02/1994 144325   181970   144325   183247   144325   184532   144325   185827   159325   197890   159325   199278  

01/03/1994 144325   180661   144325   181929   144325   183205   144325   184490   144325   185784   159325   197847  

01/04/1994 149550   186546   149550   187854   149550   189172   149550   190499   149550   191835   149550   193181  

01/05/1994 149550   185203   149550   186503   149550   187811   149550   189128   149550   190455   149550   191791  

01/06/1994 149550   183871   149550   185161   149550   186460   149550   187768   149550   189085   149550   190411  

01/07/1994 149550   182549   149550   183829   149550   185119   149550   186417   149550   187725   149550   189042  

01/08/1994 149550   181238   149550   182509   149550   183789   149550   185078   149550   186377   149550   187684  

01/09/1994 159075   197041   159075   198423   159075   199815   159075   201216   159075   202628   159075   204049  




CL002B                                              ARMY GROUP INSURANCE FUND                                   Page No. 6 
                                  MATURITY AMOUNT PAYABLE TO MEMBERS OF ARMY GROUP INSURANCE SCHEME
                                                             JCO/OR -- TA
-------------------------------------------------------------------------------------------------------------------------
                                                   Date on Which Amount Calculated
            ----------------------------------------------------------------------------------------------------------
Date of        31/10/2018        30/11/2018        31/12/2018        31/01/2019        28/02/2019        31/03/2019
Joining     Contri-  Payable  Contri-  Payable  Contri-  Payable  Contri-  Payable  Contri-  Payable  Contri-  Payable
AGI Scheme  buted             buted             buted             buted             buted             buted
-------------------------------------------------------------------------------------------------------------------------
01/10/1994 159075   195627   159075   197000   159075   198382   159075   199773   159075   201175   159075   202586  

01/11/1994 144075   183540   159075   195587   159075   196959   159075   198340   159075   199732   159075   201133  

01/12/1994 144075   182221   144075   183500   159075   195546   159075   196918   159075   198299   159075   199690  

01/01/1995 144075   180917   144075   182187   144075   183465   159075   195511   159075   196882   159075   198263  

01/02/1995 144075   179623   144075   180883   144075   182152   144075   183429   159075   195476   159075   196847  

01/03/1995 144075   178338   144075   179589   144075   180848   144075   182117   144075   183395   159075   195441  

01/04/1995 149300   184246   149300   185538   149300   186839   149300   188150   149300   189470   149300   190799  

01/05/1995 149300   182927   149300   184210   149300   185502   149300   186803   149300   188114   149300   189433  

01/06/1995 149300   181617   149300   182891   149300   184174   149300   185466   149300   186767   149300   188077  

01/07/1995 149300   180318   149300   181583   149300   182856   149300   184139   149300   185431   149300   186731  

01/08/1995 149300   179029   149300   180285   149300   181550   149300   182823   149300   184106   149300   185397  

01/09/1995 158825   194855   158825   196222   158825   197598   158825   198984   158825   200380   158825   201786  

01/10/1995 158825   193464   158825   194821   158825   196187   158825   197564   158825   198949   158825   200345  

01/11/1995 143825   181398   158825   193430   158825   194787   158825   196153   158825   197529   158825   198915  

01/12/1995 143825   180101   143825   181365   158825   193396   158825   194753   158825   196119   158825   197495  

01/01/1996 143825   178819   143825   180073   143825   181336   158825   193368   158825   194724   158825   196090  

01/02/1996 143825   177546   143825   178791   143825   180045   143825   181308   158825   193339   158825   194696  

01/03/1996 143825   176281   143825   177518   143825   178763   143825   180017   143825   181280   158825   193311  

01/04/1996 149050   182210   149050   183488   149050   184775   149050   186071   149050   187377   149050   188691  

01/05/1996 149050   180912   149050   182181   149050   183459   149050   184746   149050   186042   149050   187347  

01/06/1996 149050   179623   149050   180883   149050   182152   149050   183430   149050   184716   149050   186012  

01/07/1996 149050   178344   149050   179595   149050   180854   149050   182123   149050   183401   149050   184687  

01/08/1996 149050   177075   149050   178317   149050   179568   149050   180828   149050   182096   149050   183373  

01/09/1996 158575   192921   158575   194274   158575   195637   158575   197009   158575   198391   158575   199782  




CL002B                                              ARMY GROUP INSURANCE FUND                                   Page No. 7 
                                  MATURITY AMOUNT PAYABLE TO MEMBERS OF ARMY GROUP INSURANCE SCHEME
                                                             JCO/OR -- TA
-------------------------------------------------------------------------------------------------------------------------
                                                   Date on Which Amount Calculated
            ----------------------------------------------------------------------------------------------------------
Date of        31/10/2018        30/11/2018        31/12/2018        31/01/2019        28/02/2019        31/03/2019
Joining     Contri-  Payable  Contri-  Payable  Contri-  Payable  Contri-  Payable  Contri-  Payable  Contri-  Payable
AGI Scheme  buted             buted             buted             buted             buted             buted
-------------------------------------------------------------------------------------------------------------------------
01/10/1996 158575   191549   158575   192893   158575   194246   158575   195608   158575   196980   158575   198362  

01/11/1996 143575   179503   158575   191521   158575   192865   158575   194218   158575   195580   158575   196952  

01/12/1996 143575   178225   143575   179475   158575   191494   158575   192837   158575   194190   158575   195552  

01/01/1997 143575   176962   143575   178203   143575   179453   158575   191471   158575   192814   158575   194167  

01/02/1997 143575   175707   143575   176940   143575   178181   143575   179431   158575   191449   158575   192792  

01/03/1997 143575   174462   143575   175686   143575   176918   143575   178159   143575   179409   158575   191427  

01/04/1997 148800   180409   148800   181674   148800   182949   148800   184232   148800   185524   148800   186826  

01/05/1997 148800   179129   148800   180385   148800   181651   148800   182925   148800   184208   148800   185500  

01/06/1997 148800   177858   148800   179106   148800   180362   148800   181627   148800   182901   148800   184184  

01/07/1997 148800   176596   148800   177835   148800   179083   148800   180339   148800   181604   148800   182878  

01/08/1997 148800   175346   148800   176576   148800   177814   148800   179062   148800   180318   148800   181583  

01/09/1997 158325   191209   158325   192550   158325   193901   158325   195261   158325   196630   158325   198010  

01/10/1997 158325   189854   158325   191186   158325   192527   158325   193878   158325   195238   158325   196607  

01/11/1997 143325   177825   158325   189832   158325   191164   158325   192505   158325   193855   158325   195215  

01/12/1997 143325   176565   143325   177803   158325   189810   158325   191142   158325   192482   158325   193833  

01/01/1998 143325   175318   143325   176548   143325   177786   158325   189793   158325   191124   158325   192465  

01/02/1998 143325   174080   143325   175302   143325   176531   143325   177769   158325   189776   158325   191107  

01/03/1998 143325   172851   143325   174064   143325   175285   143325   176514   143325   177753   158325   189759  

01/04/1998 148325   177991   148325   179240   148325   180497   148325   181763   148325   183038   148325   184322  

01/05/1998 148325   176736   148325   177975   148325   179224   148325   180481   148325   181747   148325   183022  

01/06/1998 148325   175489   148325   176720   148325   177960   148325   179208   148325   180465   148325   181731  

01/07/1998 148325   174251   148325   175474   148325   176705   148325   177944   148325   179192   148325   180449  

01/08/1998 148325   173025   148325   174238   148325   175460   148325   176691   148325   177931   148325   179179  

01/09/1998 157850   188911   157850   190236   157850   191571   157850   192914   157850   194268   157850   195630  




CL002B                                              ARMY GROUP INSURANCE FUND                                   Page No. 8 
                                  MATURITY AMOUNT PAYABLE TO MEMBERS OF ARMY GROUP INSURANCE SCHEME
                                                             JCO/OR -- TA
-------------------------------------------------------------------------------------------------------------------------
                                                   Date on Which Amount Calculated
            ----------------------------------------------------------------------------------------------------------
Date of        31/10/2018        30/11/2018        31/12/2018        31/01/2019        28/02/2019        31/03/2019
Joining     Contri-  Payable  Contri-  Payable  Contri-  Payable  Contri-  Payable  Contri-  Payable  Contri-  Payable
AGI Scheme  buted             buted             buted             buted             buted             buted
-------------------------------------------------------------------------------------------------------------------------
01/10/1998 157850   187580   157850   188896   157850   190221   157850   191555   157850   192899   157850   194252  

01/11/1998 142850   175574   157850   187565   157850   188881   157850   190206   157850   191540   157850   192884  

01/12/1998 142850   174336   142850   175559   157850   187550   157850   188866   157850   190191   157850   191525  

01/01/1999 142850   173112   142850   174327   142850   175549   157850   187540   157850   188856   157850   190181  

01/02/1999 142850   171897   142850   173103   142850   174317   142850   175540   157850   187530   157850   188846  

01/03/1999 142850   170690   142850   171887   142850   173093   142850   174307   142850   175530   157850   187521  

01/04/1999 147850   175851   147850   177085   147850   178327   147850   179578   147850   180838   147850   182106  

01/05/1999 147850   174618   147850   175843   147850   177076   147850   178318   147850   179569   147850   180829  

01/06/1999 147850   173393   147850   174609   147850   175834   147850   177067   147850   178309   147850   179560  

01/07/1999 147850   172176   147850   173384   147850   174600   147850   175825   147850   177058   147850   178300  

01/08/1999 147850   170970   147850   172170   147850   173377   147850   174594   147850   175818   147850   177052  

01/09/1999 157375   186878   157375   188188   157375   189509   157375   190838   157375   192177   157375   193525  

01/10/1999 157375   185567   157375   186869   157375   188180   157375   189500   157375   190829   157375   192168  

01/11/1999 142375   173582   157375   185559   157375   186860   157375   188171   157375   189491   157375   190820  

01/12/1999 142375   172364   142375   173573   157375   185550   157375   186852   157375   188163   157375   189482  

01/01/2000 142375   171160   142375   172361   142375   173570   157375   185547   157375   186848   157375   188159  

01/02/2000 142375   169964   142375   171157   142375   172357   142375   173566   157375   185543   157375   186845  

01/03/2000 142375   168777   142375   169961   142375   171153   142375   172354   142375   173563   157375   185540  

01/04/2000 147375   173958   147375   175178   147375   176407   147375   177644   147375   178891   147375   180145  

01/05/2000 147375   172743   147375   173955   147375   175175   147375   176404   147375   177642   147375   178888  

01/06/2000 147375   171537   147375   172741   147375   173952   147375   175173   147375   176401   147375   177639  

01/07/2000 147375   170340   147375   171535   147375   172738   147375   173950   147375   175170   147375   176399  

01/08/2000 147375   169152   147375   170339   147375   171534   147375   172737   147375   173949   147375   175169  

01/09/2000 156900   185078   156900   186376   156900   187684   156900   189000   156900   190326   156900   191661  




CL002B                                              ARMY GROUP INSURANCE FUND                                   Page No. 9 
                                  MATURITY AMOUNT PAYABLE TO MEMBERS OF ARMY GROUP INSURANCE SCHEME
                                                             JCO/OR -- TA
-------------------------------------------------------------------------------------------------------------------------
                                                   Date on Which Amount Calculated
            ----------------------------------------------------------------------------------------------------------
Date of        31/10/2018        30/11/2018        31/12/2018        31/01/2019        28/02/2019        31/03/2019
Joining     Contri-  Payable  Contri-  Payable  Contri-  Payable  Contri-  Payable  Contri-  Payable  Contri-  Payable
AGI Scheme  buted             buted             buted             buted             buted             buted
-------------------------------------------------------------------------------------------------------------------------
01/10/2000 156900   183786   156900   185075   156900   186373   156900   187681   156900   188997   156900   190323  

01/11/2000 141900   171818   156900   183783   156900   185072   156900   186371   156900   187678   156900   188994  

01/12/2000 141900   170619   141900   171816   156900   183780   156900   185070   156900   186368   156900   187675  

01/01/2001 141900   169432   141900   170621   141900   171818   156900   183782   156900   185072   156900   186370  

01/02/2001 141900   168254   141900   169434   141900   170623   141900   171820   156900   183785   156900   185074  

01/03/2001 141900   167084   141900   168256   141900   169437   141900   170625   141900   171822   156900   183787  

01/04/2001 146900   172282   146900   173491   146900   174708   146900   175933   146900   177167   146900   178410  

01/05/2001 146900   171085   146900   172285   146900   173493   146900   174710   146900   175936   146900   177170  

01/06/2001 146900   169895   146900   171087   146900   172287   146900   173496   146900   174713   146900   175938  

01/07/2001 146900   168715   146900   169898   146900   171090   146900   172290   146900   173498   146900   174716  

01/08/2001 146900   167544   146900   168719   146900   169902   146900   171094   146900   172294   146900   173503  

01/09/2001 156425   183486   156425   184773   156425   186069   156425   187374   156425   188688   156425   190012  

01/10/2001 156425   182210   156425   183488   156425   184775   156425   186071   156425   187376   156425   188691  

01/11/2001 141425   170258   156425   182212   156425   183490   156425   184777   156425   186073   156425   187379  

01/12/2001 141425   169074   141425   170260   156425   182214   156425   183492   156425   184779   156425   186076  

01/01/2002 141425   167904   141425   169081   141425   170267   156425   182221   156425   183499   156425   184787  

01/02/2002 141425   166741   141425   167910   141425   169088   141425   170274   156425   182228   156425   183507  

01/03/2002 141425   165586   141425   166748   141425   167917   141425   169095   141425   170281   156425   182235  

01/04/2002 146425   170798   146425   171996   146425   173203   146425   174418   146425   175641   146425   176873  

01/05/2002 146425   169615   146425   170805   146425   172003   146425   173209   146425   174424   146425   175648  

01/06/2002 146425   168439   146425   169621   146425   170811   146425   172009   146425   173215   146425   174430  

01/07/2002 146425   167272   146425   168445   146425   169627   146425   170817   146425   172015   146425   173222  

01/08/2002 146425   166115   146425   167280   146425   168453   146425   169635   146425   170825   146425   172023  

01/09/2002 155950   182070   155950   183347   155950   184633   155950   185929   155950   187233   155950   188546  




CL002B                                              ARMY GROUP INSURANCE FUND                                   Page No. 10 
                                  MATURITY AMOUNT PAYABLE TO MEMBERS OF ARMY GROUP INSURANCE SCHEME
                                                             JCO/OR -- TA
-------------------------------------------------------------------------------------------------------------------------
                                                   Date on Which Amount Calculated
            ----------------------------------------------------------------------------------------------------------
Date of        31/10/2018        30/11/2018        31/12/2018        31/01/2019        28/02/2019        31/03/2019
Joining     Contri-  Payable  Contri-  Payable  Contri-  Payable  Contri-  Payable  Contri-  Payable  Contri-  Payable
AGI Scheme  buted             buted             buted             buted             buted             buted
-------------------------------------------------------------------------------------------------------------------------
01/10/2002 155950   180808   155950   182076   155950   183353   155950   184639   155950   185934   155950   187239  

01/11/2002 140950   168869   155950   180813   155950   182081   155950   183359   155950   184645   155950   185940  

01/12/2002 140950   167698   140950   168875   155950   180819   155950   182087   155950   183364   155950   184651  

01/01/2003 140950   166540   140950   167709   140950   168885   155950   180829   155950   182098   155950   183375  

01/02/2003 140950   165391   140950   166551   140950   167719   140950   168896   155950   180840   155950   182108  

01/03/2003 140950   164249   140950   165401   140950   166561   140950   167729   140950   168906   155950   180850  

01/04/2003 145950   169472   145950   170661   145950   171858   145950   173064   145950   174278   145950   175500  

01/05/2003 145950   168300   145950   169481   145950   170670   145950   171867   145950   173072   145950   174286  

01/06/2003 145950   167136   145950   168309   145950   169489   145950   170678   145950   171875   145950   173081  

01/07/2003 145950   165980   145950   167145   145950   168317   145950   169498   145950   170687   145950   171884  

01/08/2003 145950   164833   145950   165989   145950   167154   145950   168326   145950   169507   145950   170696  

01/09/2003 155475   180799   155475   182067   155475   183344   155475   184630   155475   185925   155475   187230  

01/10/2003 155475   179546   155475   180806   155475   182074   155475   183351   155475   184637   155475   185932  

01/11/2003 140475   167618   155475   179553   155475   180812   155475   182081   155475   183358   155475   184644  

01/12/2003 140475   166457   140475   167624   155475   179560   155475   180819   155475   182088   155475   183365  

01/01/2004 140475   165309   140475   166468   140475   167636   155475   179571   155475   180831   155475   182100  

01/02/2004 140475   164169   140475   165320   140475   166480   140475   167648   155475   179583   155475   180843  

01/03/2004 140475   163036   140475   164180   140475   165332   140475   166491   140475   167659   155475   179595  

01/04/2004 145475   168270   145475   169450   145475   170639   145475   171836   145475   173041   145475   174255  

01/05/2004 145475   167107   145475   168279   145475   169460   145475   170648   145475   171845   145475   173051  

01/06/2004 145475   165952   145475   167117   145475   168289   145475   169469   145475   170658   145475   171855  

01/07/2004 145475   164806   145475   165962   145475   167126   145475   168298   145475   169479   145475   170668  

01/08/2004 145475   163667   145475   164815   145475   165971   145475   167136   145475   168308   145475   169489  

01/09/2004 155000   179641   155000   180901   155000   182170   155000   183448   155000   184735   155000   186031  




CL002B                                              ARMY GROUP INSURANCE FUND                                   Page No. 11 
                                  MATURITY AMOUNT PAYABLE TO MEMBERS OF ARMY GROUP INSURANCE SCHEME
                                                             JCO/OR -- TA
-------------------------------------------------------------------------------------------------------------------------
                                                   Date on Which Amount Calculated
            ----------------------------------------------------------------------------------------------------------
Date of        31/10/2018        30/11/2018        31/12/2018        31/01/2019        28/02/2019        31/03/2019
Joining     Contri-  Payable  Contri-  Payable  Contri-  Payable  Contri-  Payable  Contri-  Payable  Contri-  Payable
AGI Scheme  buted             buted             buted             buted             buted             buted
-------------------------------------------------------------------------------------------------------------------------
01/10/2004 155000   178397   155000   179648   155000   180908   155000   182177   155000   183455   155000   184742  

01/11/2004 140000   166477   155000   178404   155000   179655   155000   180915   155000   182185   155000   183463  

01/12/2004 140000   165324   140000   166484   155000   178411   155000   179662   155000   180923   155000   182192  

01/01/2005 140000   164184   140000   165336   140000   166495   155000   178423   155000   179674   155000   180935  

01/02/2005 140000   163052   140000   164196   140000   165347   140000   166507   155000   178435   155000   179686  

01/03/2005 140000   161928   140000   163063   140000   164207   140000   165359   140000   166519   155000   178447  

01/04/2005 145000   167168   145000   168341   145000   169521   145000   170711   145000   171908   145000   173114  

01/05/2005 145000   166012   145000   167177   145000   168350   145000   169531   145000   170720   145000   171917  

01/06/2005 145000   164865   145000   166021   145000   167186   145000   168359   145000   169540   145000   170729  

01/07/2005 145000   163725   145000   164874   145000   166030   145000   167195   145000   168368   145000   169549  

01/08/2005 145000   162593   145000   163734   145000   164882   145000   166039   145000   167204   145000   168377  

01/09/2005 150000   168666   150000   169850   150000   171041   150000   172241   150000   173449   150000   174666  

01/10/2005 150000   167492   150000   168667   150000   169850   150000   171042   150000   172241   150000   173450  

01/11/2005 135000   155642   150000   167493   150000   168668   150000   169851   150000   171042   150000   172242  

01/12/2005 135000   154558   135000   155642   150000   167494   150000   168669   150000   169852   150000   171043  

01/01/2006 135000   153487   135000   154564   135000   155648   150000   167499   150000   168674   150000   169857  

01/02/2006 135000   152423   135000   153493   135000   154569   135000   155654   150000   167505   150000   168680  

01/03/2006 135000   151367   135000   152429   135000   153498   135000   154575   135000   155659   150000   167511  

01/04/2006 140000   156675   140000   157774   140000   158881   140000   159995   140000   161118   140000   162248  

01/05/2006 140000   155587   140000   156678   140000   157777   140000   158884   140000   159998   140000   161121  

01/06/2006 140000   154506   140000   155589   140000   156681   140000   157780   140000   158887   140000   160001  

01/07/2006 140000   153432   140000   154508   140000   155592   140000   156684   140000   157783   140000   158890  

01/08/2006 140000   152366   140000   153435   140000   154511   140000   155595   140000   156687   140000   157786  

01/09/2006 145000   158505   145000   159616   145000   160736   145000   161864   145000   162999   145000   164142  




CL002B                                              ARMY GROUP INSURANCE FUND                                   Page No. 12 
                                  MATURITY AMOUNT PAYABLE TO MEMBERS OF ARMY GROUP INSURANCE SCHEME
                                                             JCO/OR -- TA
-------------------------------------------------------------------------------------------------------------------------
                                                   Date on Which Amount Calculated
            ----------------------------------------------------------------------------------------------------------
Date of        31/10/2018        30/11/2018        31/12/2018        31/01/2019        28/02/2019        31/03/2019
Joining     Contri-  Payable  Contri-  Payable  Contri-  Payable  Contri-  Payable  Contri-  Payable  Contri-  Payable
AGI Scheme  buted             buted             buted             buted             buted             buted
-------------------------------------------------------------------------------------------------------------------------
01/10/2006 145000   157395   145000   158499   145000   159611   145000   160731   145000   161858   145000   162994  

01/11/2006 130000   145609   145000   157390   145000   158494   145000   159606   145000   160726   145000   161853  

01/12/2006 130000   144590   130000   145604   145000   157385   145000   158489   145000   159601   145000   160721  

01/01/2007 130000   143583   130000   144590   130000   145604   145000   157385   145000   158489   145000   159601  

01/02/2007 130000   142582   130000   143583   130000   144590   130000   145604   145000   157385   145000   158489  

01/03/2007 130000   141589   130000   142582   130000   143582   130000   144589   130000   145604   145000   157385  

01/04/2007 135000   146959   135000   147990   135000   149028   135000   150074   135000   151126   135000   152187  

01/05/2007 135000   145933   135000   146957   135000   147987   135000   149026   135000   150071   135000   151124  

01/06/2007 135000   144914   135000   145930   135000   146954   135000   147985   135000   149023   135000   150068  

01/07/2007 135000   143902   135000   144911   135000   145928   135000   146951   135000   147982   135000   149020  

01/08/2007 135000   142897   135000   143899   135000   144908   135000   145925   135000   146948   135000   147979  

01/09/2007 140000   149095   140000   150141   140000   151195   140000   152255   140000   153323   140000   154399  

01/10/2007 140000   148046   140000   149085   140000   150131   140000   151184   140000   152244   140000   153312  

01/11/2007 125000   136320   140000   148036   140000   149074   140000   150120   140000   151173   140000   152234  

01/12/2007 125000   135360   125000   136310   140000   148026   140000   149064   140000   150109   140000   151162  

01/01/2008 125000   134412   125000   135355   125000   136304   140000   148020   140000   149058   140000   150104  

01/02/2008 125000   133470   125000   134406   125000   135349   125000   136299   140000   148014   140000   149053  

01/03/2008 125000   132535   125000   133465   125000   134401   125000   135344   125000   136293   140000   148009  

01/04/2008 130000   137967   130000   138935   130000   139909   130000   140891   130000   141879   130000   142874  

01/05/2008 130000   137001   130000   137962   130000   138930   130000   139905   130000   140886   130000   141874  

01/06/2008 130000   136043   130000   136997   130000   137958   130000   138926   130000   139900   130000   140881  

01/07/2008 130000   135091   130000   136038   130000   136992   130000   137953   130000   138921   130000   139896  

01/08/2008 130000   134145   130000   135086   130000   136034   130000   136988   130000   137949   130000   138917  

01/09/2008 135000   140403   135000   141388   135000   142380   135000   143379   135000   144385   135000   145397  




CL002B                                              ARMY GROUP INSURANCE FUND                                   Page No. 13 
                                  MATURITY AMOUNT PAYABLE TO MEMBERS OF ARMY GROUP INSURANCE SCHEME
                                                             JCO/OR -- TA
-------------------------------------------------------------------------------------------------------------------------
                                                   Date on Which Amount Calculated
            ----------------------------------------------------------------------------------------------------------
Date of        31/10/2018        30/11/2018        31/12/2018        31/01/2019        28/02/2019        31/03/2019
Joining     Contri-  Payable  Contri-  Payable  Contri-  Payable  Contri-  Payable  Contri-  Payable  Contri-  Payable
AGI Scheme  buted             buted             buted             buted             buted             buted
-------------------------------------------------------------------------------------------------------------------------
01/10/2008 135000   139413   135000   140391   135000   141376   135000   142368   135000   143366   135000   144372  

01/11/2008 120000   127746   135000   139401   135000   140379   135000   141364   135000   142355   135000   143354  

01/12/2008 120000   126844   120000   127734   135000   139389   135000   140367   135000   141351   135000   142343  

01/01/2009 120000   125953   120000   126837   120000   127726   135000   139382   135000   140360   135000   141344  

01/02/2009 120000   125069   120000   125946   120000   126829   120000   127719   135000   139375   135000   140352  

01/03/2009 120000   124190   120000   125062   120000   125939   120000   126822   120000   127712   135000   139367  

01/04/2009 125000   129682   125000   130592   125000   131508   125000   132430   125000   133359   125000   134295  

01/05/2009 125000   128776   125000   129679   125000   130589   125000   131505   125000   132427   125000   133356  

01/06/2009 125000   127876   125000   128773   125000   129676   125000   130586   125000   131502   125000   132424  

01/07/2009 125000   126982   125000   127873   125000   128770   125000   129673   125000   130583   125000   131499  

01/08/2009 125000   126095   125000   126980   125000   127870   125000   128767   125000   129670   125000   130580  

01/09/2009 130000   132411   130000   133340   130000   134275   130000   135217   130000   136165   130000   137120  

01/10/2009 130000   131478   130000   132400   130000   133329   130000   134264   130000   135206   130000   136154  

01/11/2009 115000   119867   130000   131467   130000   132389   130000   133318   130000   134253   130000   135195  

01/12/2009 115000   119021   115000   119856   130000   131457   130000   132379   130000   133307   130000   134242  

01/01/2010 115000   118187   115000   119016   115000   119851   130000   131451   130000   132373   130000   133301  

01/02/2010 115000   117358   115000   118181   115000   119010   115000   119845   130000   131445   130000   132367  

01/03/2010 115000   116535   115000   117352   115000   118175   115000   119004   115000   119839   130000   131439  

01/04/2010 120000   122081   120000   122937   120000   123800   120000   124668   120000   125543   120000   126423  

01/05/2010 120000   121229   120000   122080   120000   122936   120000   123798   120000   124667   120000   125541  

01/06/2010 120000   120383   120000   121228   120000   122078   120000   122935   120000   123797   120000   124665  

01/07/2010 120000   119543   120000   120382   120000   121226   120000   122077   120000   122933   120000   123796  

01/08/2010 120000   118709   120000   119542   120000   120381   120000   121225   120000   122075   120000   122932  

01/09/2010 125000   125078   125000   125955   125000   126839   125000   127729   125000   128625   125000   129527  




CL002B                                              ARMY GROUP INSURANCE FUND                                   Page No. 14 
                                  MATURITY AMOUNT PAYABLE TO MEMBERS OF ARMY GROUP INSURANCE SCHEME
                                                             JCO/OR -- TA
-------------------------------------------------------------------------------------------------------------------------
                                                   Date on Which Amount Calculated
            ----------------------------------------------------------------------------------------------------------
Date of        31/10/2018        30/11/2018        31/12/2018        31/01/2019        28/02/2019        31/03/2019
Joining     Contri-  Payable  Contri-  Payable  Contri-  Payable  Contri-  Payable  Contri-  Payable  Contri-  Payable
AGI Scheme  buted             buted             buted             buted             buted             buted
-------------------------------------------------------------------------------------------------------------------------
01/10/2010 125000   124198   125000   125069   125000   125946   125000   126830   125000   127719   125000   128615  

01/11/2010 110000   112639   125000   124188   125000   125059   125000   125937   125000   126820   125000   127710  

01/12/2010 110000   111845   110000   112630   125000   124179   125000   125050   125000   125927   125000   126811  

01/01/2011 110000   111062   110000   111841   110000   112625   125000   124175   125000   125046   125000   125923  

01/02/2011 110000   110284   110000   111057   110000   111836   110000   112621   125000   124170   125000   125041  

01/03/2011 110000   109511   110000   110280   110000   111053   110000   111832   110000   112617   125000   124166  

01/04/2011 115000   115105   115000   115913   115000   116726   115000   117545   115000   118369   115000   119199  

01/05/2011 115000   114301   115000   115102   115000   115910   115000   116723   115000   117542   115000   118366  

01/06/2011 115000   113502   115000   114298   115000   115100   115000   115907   115000   116720   115000   117539  

01/07/2011 115000   112708   115000   113499   115000   114295   115000   115097   115000   115904   115000   116717  

01/08/2011 115000   111921   115000   112706   115000   113496   115000   114292   115000   115094   115000   115902  

01/09/2011 115000   111138   115000   111918   115000   112703   115000   113494   115000   114290   115000   115091  

01/10/2011 115000   110358   115000   111132   115000   111911   115000   112696   115000   113487   115000   114283  

01/11/2011 100000    98898   115000   110351   115000   111125   115000   111905   115000   112690   115000   113480  

01/12/2011 100000    98202   100000    98891   115000   110345   115000   111119   115000   111898   115000   112683  

01/01/2012 100000    97517   100000    98201   100000    98890   115000   110343   115000   111117   115000   111896  

01/02/2012 100000    96836   100000    97515   100000    98199   100000    98888   115000   110341   115000   111115  

01/03/2012 100000    96160   100000    96834   100000    97513   100000    98197   100000    98886   115000   110339  

01/04/2012 105000   101852   105000   102566   105000   103285   105000   104010   105000   104740   105000   105474  

01/05/2012 105000   101144   105000   101854   105000   102568   105000   103288   105000   104012   105000   104742  

01/06/2012 105000   100442   105000   101147   105000   101856   105000   102571   105000   103290   105000   104015  

01/07/2012 105000    99745   105000   100444   105000   101149   105000   101858   105000   102573   105000   103292  

01/08/2012 105000    99052   105000    99747   105000   100447   105000   101151   105000   101861   105000   102575  

01/09/2012 105000    98364   105000    99054   105000    99749   105000   100449   105000   101154   105000   101863  




CL002B                                              ARMY GROUP INSURANCE FUND                                   Page No. 15 
                                  MATURITY AMOUNT PAYABLE TO MEMBERS OF ARMY GROUP INSURANCE SCHEME
                                                             JCO/OR -- TA
-------------------------------------------------------------------------------------------------------------------------
                                                   Date on Which Amount Calculated
            ----------------------------------------------------------------------------------------------------------
Date of        31/10/2018        30/11/2018        31/12/2018        31/01/2019        28/02/2019        31/03/2019
Joining     Contri-  Payable  Contri-  Payable  Contri-  Payable  Contri-  Payable  Contri-  Payable  Contri-  Payable
AGI Scheme  buted             buted             buted             buted             buted             buted
-------------------------------------------------------------------------------------------------------------------------
01/10/2012 105000    97677   105000    98363   105000    99053   105000    99747   105000   100447   105000   101152  

01/11/2012  90000    86311   105000    97676   105000    98361   105000    99051   105000    99746   105000   100445  

01/12/2012  90000    85708    90000    86309   105000    97674   105000    98359   105000    99049   105000    99744  

01/01/2013  90000    85114    90000    85711    90000    86312   105000    97677   105000    98362   105000    99052  

01/02/2013  90000    84524    90000    85117    90000    85714    90000    86315   105000    97680   105000    98365  

01/03/2013  90000    83938    90000    84527    90000    85120    90000    85717    90000    86318   105000    97683  

01/04/2013  90000    83359    90000    83944    90000    84533    90000    85126    90000    85723    90000    86324  

01/05/2013  90000    82785    90000    83365    90000    83950    90000    84539    90000    85132    90000    85729  

01/06/2013  90000    82214    90000    82790    90000    83371    90000    83956    90000    84545    90000    85138  

01/07/2013  90000    81647    90000    82219    90000    82796    90000    83377    90000    83962    90000    84551  

01/08/2013  90000    81084    90000    81652    90000    82225    90000    82802    90000    83383    90000    83968  

01/09/2013  90000    80525    90000    81089    90000    81658    90000    82231    90000    82808    90000    83389  

01/10/2013  90000    79965    90000    80526    90000    81091    90000    81660    90000    82233    90000    82810  

01/11/2013  75000    68725    90000    79967    90000    80528    90000    81093    90000    81662    90000    82234  

01/12/2013  75000    68248    75000    68727    90000    79969    90000    80530    90000    81094    90000    81663  

01/01/2014  75000    67779    75000    68255    75000    68733    90000    79975    90000    80536    90000    81101  

01/02/2014  75000    67313    75000    67786    75000    68261    75000    68740    90000    79982    90000    80543  

01/03/2014  75000    66851    75000    67320    75000    67792    75000    68268    75000    68746    90000    79988  

01/04/2014  75000    66391    75000    66857    75000    67326    75000    67798    75000    68274    75000    68752  

01/05/2014  75000    65934    75000    66397    75000    66863    75000    67332    75000    67804    75000    68280  

01/06/2014  75000    65481    75000    65940    75000    66403    75000    66868    75000    67338    75000    67810  

01/07/2014  75000    65030    75000    65487    75000    65946    75000    66409    75000    66874    75000    67343  

01/08/2014  75000    64583    75000    65036    75000    65492    75000    65952    75000    66414    75000    66880  

01/09/2014  75000    64139    75000    64589    75000    65042    75000    65498    75000    65958    75000    66420  




CL002B                                              ARMY GROUP INSURANCE FUND                                   Page No. 16 
                                  MATURITY AMOUNT PAYABLE TO MEMBERS OF ARMY GROUP INSURANCE SCHEME
                                                             JCO/OR -- TA
-------------------------------------------------------------------------------------------------------------------------
                                                   Date on Which Amount Calculated
            ----------------------------------------------------------------------------------------------------------
Date of        31/10/2018        30/11/2018        31/12/2018        31/01/2019        28/02/2019        31/03/2019
Joining     Contri-  Payable  Contri-  Payable  Contri-  Payable  Contri-  Payable  Contri-  Payable  Contri-  Payable
AGI Scheme  buted             buted             buted             buted             buted             buted
-------------------------------------------------------------------------------------------------------------------------
01/10/2014  75000    63694    75000    64141    75000    64591    75000    65044    75000    65500    75000    65959  

01/11/2014  60000    52567    75000    63695    75000    64142    75000    64592    75000    65045    75000    65502  

01/12/2014  60000    52203    60000    52569    75000    63697    75000    64144    75000    64594    75000    65047  

01/01/2015  60000    51845    60000    52209    60000    52575    75000    63704    75000    64150    75000    64600  

01/02/2015  60000    51491    60000    51852    60000    52216    60000    52582    75000    63710    75000    64157  

01/03/2015  60000    51138    60000    51497    60000    51858    60000    52222    60000    52588    75000    63717  

01/04/2015  60000    50788    60000    51144    60000    51503    60000    51864    60000    52228    60000    52594  

01/05/2015  60000    50440    60000    50794    60000    51150    60000    51509    60000    51870    60000    52234  

01/06/2015  60000    50094    60000    50446    60000    50800    60000    51156    60000    51515    60000    51876  

01/07/2015  60000    49751    60000    50100    60000    50451    60000    50805    60000    51162    60000    51521  

01/08/2015  60000    49410    60000    49757    60000    50106    60000    50457    60000    50811    60000    51168  

01/09/2015  60000    49072    60000    49416    60000    49763    60000    50112    60000    50463    60000    50817  

01/10/2015  60000    48731    60000    49073    60000    49418    60000    49764    60000    50113    60000    50465  

01/11/2015  45000    37709    60000    48733    60000    49075    60000    49419    60000    49766    60000    50115  

01/12/2015  45000    37448    45000    37711    60000    48735    60000    49077    60000    49421    60000    49768  

01/01/2016  45000    37194    45000    37455    45000    37717    60000    48741    60000    49083    60000    49428  

01/02/2016  45000    36941    45000    37200    45000    37461    45000    37724    60000    48748    60000    49090  

01/03/2016  45000    36690    45000    36947    45000    37206    45000    37467    45000    37730    60000    48754  

01/04/2016  45000    36443    45000    36698    45000    36956    45000    37215    45000    37476    45000    37739  

01/05/2016  45000    36198    45000    36451    45000    36707    45000    36965    45000    37224    45000    37485  

01/06/2016  45000    35954    45000    36206    45000    36460    45000    36716    45000    36973    45000    37233  

01/07/2016  45000    35712    45000    35962    45000    36215    45000    36469    45000    36724    45000    36982  

01/08/2016  45000    35471    45000    35720    45000    35971    45000    36223    45000    36477    45000    36733  

01/09/2016  45000    35233    45000    35480    45000    35729    45000    35979    45000    36232    45000    36486  




CL002B                                              ARMY GROUP INSURANCE FUND                                   Page No. 17 
                                  MATURITY AMOUNT PAYABLE TO MEMBERS OF ARMY GROUP INSURANCE SCHEME
                                                             JCO/OR -- TA
-------------------------------------------------------------------------------------------------------------------------
                                                   Date on Which Amount Calculated
            ----------------------------------------------------------------------------------------------------------
Date of        31/10/2018        30/11/2018        31/12/2018        31/01/2019        28/02/2019        31/03/2019
Joining     Contri-  Payable  Contri-  Payable  Contri-  Payable  Contri-  Payable  Contri-  Payable  Contri-  Payable
AGI Scheme  buted             buted             buted             buted             buted             buted
-------------------------------------------------------------------------------------------------------------------------
01/10/2016  45000    34991    45000    35237    45000    35484    45000    35733    45000    35984    45000    36236  

01/11/2016  30000    24067    45000    34996    45000    35241    45000    35488    45000    35737    45000    35988  

01/12/2016  30000    23904    30000    24072    45000    35000    45000    35246    45000    35493    45000    35742  

01/01/2017  30000    23746    30000    23913    30000    24081    45000    35009    45000    35255    45000    35502  

01/02/2017  30000    23590    30000    23755    30000    23922    30000    24090    45000    35018    45000    35264  

01/03/2017  30000    23434    30000    23599    30000    23764    30000    23931    30000    24099    45000    35027  

01/04/2017  30000    23282    30000    23446    30000    23610    30000    23776    30000    23942    30000    24110  

01/05/2017  30000    23131    30000    23293    30000    23457    30000    23621    30000    23787    30000    23954  

01/06/2017  30000    22981    30000    23142    30000    23304    30000    23468    30000    23633    30000    23798  

01/07/2017  30000    22832    30000    22992    30000    23153    30000    23316    30000    23479    30000    23644  

01/08/2017  30000    22684    30000    22843    30000    23003    30000    23164    30000    23327    30000    23490  

01/09/2017  30000    22536    30000    22694    30000    22854    30000    23014    30000    23175    30000    23338  

01/10/2017  30000    22386    30000    22543    30000    22701    30000    22860    30000    23021    30000    23182  

01/11/2017  15000    11552    30000    22393    30000    22550    30000    22708    30000    22867    30000    23028  

01/12/2017  15000    11478    15000    11559    30000    22399    30000    22557    30000    22715    30000    22874  

01/01/2018  15000    11405    15000    11485    15000    11565    30000    22406    30000    22563    30000    22722  

01/02/2018  15000    11332    15000    11411    15000    11492    15000    11572    30000    22413    30000    22570  

01/03/2018  15000    11260    15000    11339    15000    11418    15000    11498    15000    11579    30000    22420  

01/04/2018  15000    11188    15000    11266    15000    11345    15000    11425    15000    11505    15000    11585  

01/05/2018  15000    11116    15000    11194    15000    11273    15000    11352    15000    11431    15000    11511  

01/06/2018  15000    11045    15000    11122    15000    11200    15000    11279    15000    11358    15000    11438  

01/07/2018  15000    10974    15000    11051    15000    11129    15000    11207    15000    11286    15000    11365  

01/08/2018  15000    10904    15000    10981    15000    11058    15000    11135    15000    11213    15000    11292  

01/09/2018  15000    10834    15000    10910    15000    10987    15000    11064    15000    11142    15000    11220  




CL002B                                              ARMY GROUP INSURANCE FUND                                   Page No. 18 
                                  MATURITY AMOUNT PAYABLE TO MEMBERS OF ARMY GROUP INSURANCE SCHEME
                                                             JCO/OR -- TA
-------------------------------------------------------------------------------------------------------------------------
                                                   Date on Which Amount Calculated
            ----------------------------------------------------------------------------------------------------------
Date of        31/10/2018        30/11/2018        31/12/2018        31/01/2019        28/02/2019        31/03/2019
Joining     Contri-  Payable  Contri-  Payable  Contri-  Payable  Contri-  Payable  Contri-  Payable  Contri-  Payable
AGI Scheme  buted             buted             buted             buted             buted             buted
-------------------------------------------------------------------------------------------------------------------------
01/10/2018  15000    10759    15000    10834    15000    10910    15000    10987    15000    11064    15000    11142  

01/11/2018      0        0    15000    10759    15000    10834    15000    10910    15000    10987    15000    11064  

01/12/2018      0        0        0        0    15000    10759    15000    10834    15000    10910    15000    10987  

01/01/2019      0        0        0        0        0        0    15000    10759    15000    10834    15000    10910  

01/02/2019      0        0        0        0        0        0        0        0    15000    10759    15000    10834  

01/03/2019      0        0        0        0        0        0        0        0        0        0    15000    10759  


--------------------------------------------------  End of Report  ------------------------------------------------------
