


CL002B                                              ARMY GROUP INSURANCE FUND                                   Page No. 1 
                                  MATURITY AMOUNT PAYABLE TO MEMBERS OF ARMY GROUP INSURANCE SCHEME
                                                              OFF -- TA
-------------------------------------------------------------------------------------------------------------------------
                                                   Date on Which Amount Calculated
            ----------------------------------------------------------------------------------------------------------
Date of        31/10/2018        30/11/2018        31/12/2018        31/01/2019        28/02/2019        31/03/2019
Joining     Contri-  Payable  Contri-  Payable  Contri-  Payable  Contri-  Payable  Contri-  Payable  Contri-  Payable
AGI Scheme  buted             buted             buted             buted             buted             buted
-------------------------------------------------------------------------------------------------------------------------
01/10/1984 334060   528284   334060   531990   334060   535721   334060   539479   334060   543263   334060   547074  

01/11/1984 304060   502986   334060   527884   334060   531586   334060   535315   334060   539070   334060   542852  

01/12/1984 304060   499084   304060   502585   334060   527479   334060   531179   334060   534905   334060   538657  

01/01/1985 304060   495216   304060   498690   304060   502188   334060   527080   334060   530777   334060   534500  

01/02/1985 304060   491374   304060   494821   304060   498292   304060   501787   334060   526676   334060   530371  

01/03/1985 304060   487577   304060   490997   304060   494441   304060   497909   304060   501402   334060   526288  

01/04/1985 315440   503189   315440   506718   315440   510273   315440   513852   315440   517457   315440   521086  

01/05/1985 315440   499283   315440   502785   315440   506312   315440   509864   315440   513440   315440   517042  

01/06/1985 315440   495423   315440   498898   315440   502398   315440   505922   315440   509471   315440   513045  

01/07/1985 315440   491587   315440   495036   315440   498508   315440   502005   315440   505526   315440   509072  

01/08/1985 315440   487786   315440   491208   315440   494653   315440   498123   315440   501617   315440   505136  

01/09/1985 333340   514730   333340   518340   333340   521976   333340   525638   333340   529325   333340   533038  

01/10/1985 333340   510779   333340   514362   333340   517970   333340   521603   333340   525262   333340   528947  

01/11/1985 303340   485636   333340   510411   333340   513992   333340   517597   333340   521228   333340   524884  

01/12/1985 303340   481868   303340   485248   333340   510021   333340   513599   333340   517201   333340   520829  

01/01/1986 303340   478155   303340   481509   303340   484887   333340   509657   333340   513232   333340   516832  

01/02/1986 303340   474448   303340   477776   303340   481127   303340   484502   333340   509270   333340   512842  

01/03/1986 303340   470766   303340   474068   303340   477394   303340   480742   303340   484115   333340   508880  

01/04/1986 314720   486532   314720   489945   314720   493382   314720   496843   314720   500328   314720   503838  

01/05/1986 314720   482761   314720   486148   314720   489558   314720   492992   314720   496450   314720   499933  

01/06/1986 314720   479037   314720   482397   314720   485781   314720   489188   314720   492620   314720   496075  

01/07/1986 314720   475336   314720   478670   314720   482028   314720   485409   314720   488814   314720   492243  

01/08/1986 314720   471669   314720   474978   314720   478310   314720   481665   314720   485044   314720   488446  

01/09/1986 332620   498748   332620   502246   332620   505769   332620   509317   332620   512890   332620   516488  




CL002B                                              ARMY GROUP INSURANCE FUND                                   Page No. 2 
                                  MATURITY AMOUNT PAYABLE TO MEMBERS OF ARMY GROUP INSURANCE SCHEME
                                                              OFF -- TA
-------------------------------------------------------------------------------------------------------------------------
                                                   Date on Which Amount Calculated
            ----------------------------------------------------------------------------------------------------------
Date of        31/10/2018        30/11/2018        31/12/2018        31/01/2019        28/02/2019        31/03/2019
Joining     Contri-  Payable  Contri-  Payable  Contri-  Payable  Contri-  Payable  Contri-  Payable  Contri-  Payable
AGI Scheme  buted             buted             buted             buted             buted             buted
-------------------------------------------------------------------------------------------------------------------------
01/10/1986 332620   494932   332620   498404   332620   501900   332620   505421   332620   508966   332620   512537  

01/11/1986 302620   469905   332620   494570   332620   498039   332620   501533   332620   505051   332620   508594  

01/12/1986 302620   466291   302620   469562   332620   494225   332620   497692   332620   501183   332620   504699  

01/01/1987 302620   462675   302620   465920   302620   469188   332620   493848   332620   497313   332620   500801  

01/02/1987 302620   459102   302620   462323   302620   465566   302620   468832   332620   493489   332620   496951  

01/03/1987 302620   455556   302620   458751   302620   461969   302620   465210   302620   468473   332620   493128  

01/04/1987 314000   471437   314000   474744   314000   478075   314000   481428   314000   484805   314000   488206  

01/05/1987 314000   467821   314000   471102   314000   474407   314000   477735   314000   481086   314000   484461  

01/06/1987 314000   464192   314000   467449   314000   470728   314000   474029   314000   477355   314000   480703  

01/07/1987 314000   460607   314000   463838   314000   467092   314000   470368   314000   473668   314000   476990  

01/08/1987 314000   457076   314000   460282   314000   463511   314000   466762   314000   470036   314000   473333  

01/09/1987 331900   484270   331900   487667   331900   491088   331900   494532   331900   498001   331900   501495  

01/10/1987 331900   480570   331900   483941   331900   487336   331900   490754   331900   494197   331900   497663  

01/11/1987 301900   455677   331900   480243   331900   483612   331900   487004   331900   490420   331900   493860  

01/12/1987 301900   452160   301900   455332   331900   479895   331900   483261   331900   486651   331900   490065  

01/01/1988 301900   448659   301900   451806   301900   454976   331900   479536   331900   482900   331900   486287  

01/02/1988 301900   445203   301900   448326   301900   451471   301900   454638   331900   479196   331900   482557  

01/03/1988 301900   441772   301900   444870   301900   447991   301900   451134   301900   454298   331900   478854  

01/04/1988 313280   457769   313280   460980   313280   464214   313280   467470   313280   470749   313280   474051  

01/05/1988 313280   454249   313280   457435   313280   460644   313280   463875   313280   467129   313280   470406  

01/06/1988 313280   450755   313280   453917   313280   457101   313280   460308   313280   463537   313280   466788  

01/07/1988 313280   447286   313280   450423   313280   453583   313280   456765   313280   459969   313280   463195  

01/08/1988 313280   443851   313280   446964   313280   450100   313280   453257   313280   456436   313280   459638  

01/09/1988 331180   471161   331180   474466   331180   477794   331180   481145   331180   484521   331180   487919  




CL002B                                              ARMY GROUP INSURANCE FUND                                   Page No. 3 
                                  MATURITY AMOUNT PAYABLE TO MEMBERS OF ARMY GROUP INSURANCE SCHEME
                                                              OFF -- TA
-------------------------------------------------------------------------------------------------------------------------
                                                   Date on Which Amount Calculated
            ----------------------------------------------------------------------------------------------------------
Date of        31/10/2018        30/11/2018        31/12/2018        31/01/2019        28/02/2019        31/03/2019
Joining     Contri-  Payable  Contri-  Payable  Contri-  Payable  Contri-  Payable  Contri-  Payable  Contri-  Payable
AGI Scheme  buted             buted             buted             buted             buted             buted
-------------------------------------------------------------------------------------------------------------------------
01/10/1988 331180   467557   331180   470837   331180   474140   331180   477466   331180   480815   331180   484188  

01/11/1988 301180   442761   331180   467236   331180   470513   331180   473814   331180   477137   331180   480484  

01/12/1988 301180   439360   301180   442442   331180   466914   331180   470189   331180   473488   331180   476809  

01/01/1989 301180   435993   301180   439052   301180   442132   331180   466602   331180   469875   331180   473171  

01/02/1989 301180   432672   301180   435707   301180   438763   301180   441841   331180   466309   331180   469580  

01/03/1989 301180   429356   301180   432368   301180   435401   301180   438455   301180   441531   331180   465997  

01/04/1989 312560   445470   312560   448595   312560   451741   312560   454910   312560   458101   312560   461314  

01/05/1989 312560   442065   312560   445166   312560   448289   312560   451433   312560   454600   312560   457789  

01/06/1989 312560   438687   312560   441765   312560   444863   312560   447984   312560   451126   312560   454291  

01/07/1989 312560   435333   312560   438387   312560   441462   312560   444559   312560   447677   312560   450818  

01/08/1989 312560   432014   312560   435044   312560   438096   312560   441169   312560   444264   312560   447380  

01/09/1989 330460   459440   330460   462662   330460   465908   330460   469176   330460   472467   330460   475781  

01/10/1989 330460   455952   330460   459150   330460   462371   330460   465614   330460   468880   330460   472169  

01/11/1989 300460   431271   330460   455665   330460   458862   330460   462080   330460   465322   330460   468586  

01/12/1989 300460   427986   300460   430988   330460   455380   330460   458574   330460   461791   330460   465030  

01/01/1990 300460   424735   300460   427714   300460   430715   330460   455105   330460   458297   330460   461512  

01/02/1990 300460   421510   300460   424467   300460   427444   300460   430442   330460   454831   330460   458021  

01/03/1990 300460   418310   300460   421244   300460   424199   300460   427175   300460   430171   330460   454558  

01/04/1990 311840   434533   311840   437581   311840   440650   311840   443741   311840   446854   311840   449988  

01/05/1990 311840   431235   311840   434260   311840   437306   311840   440374   311840   443463   311840   446573  

01/06/1990 311840   427963   311840   430965   311840   433988   311840   437032   311840   440098   311840   443185  

01/07/1990 311840   424714   311840   427693   311840   430693   311840   433714   311840   436756   311840   439820  

01/08/1990 311840   421498   311840   424455   311840   427432   311840   430430   311840   433450   311840   436490  

01/09/1990 329740   449026   329740   452176   329740   455348   329740   458542   329740   461759   329740   464998  




CL002B                                              ARMY GROUP INSURANCE FUND                                   Page No. 4 
                                  MATURITY AMOUNT PAYABLE TO MEMBERS OF ARMY GROUP INSURANCE SCHEME
                                                              OFF -- TA
-------------------------------------------------------------------------------------------------------------------------
                                                   Date on Which Amount Calculated
            ----------------------------------------------------------------------------------------------------------
Date of        31/10/2018        30/11/2018        31/12/2018        31/01/2019        28/02/2019        31/03/2019
Joining     Contri-  Payable  Contri-  Payable  Contri-  Payable  Contri-  Payable  Contri-  Payable  Contri-  Payable
AGI Scheme  buted             buted             buted             buted             buted             buted
-------------------------------------------------------------------------------------------------------------------------
01/10/1990 329740   445640   329740   448766   329740   451914   329740   455084   329740   458277   329740   461491  

01/11/1990 299740   421060   329740   445383   329740   448507   329740   451653   329740   454821   329740   458012  

01/12/1990 299740   417874   299740   420806   329740   445126   329740   448249   329740   451393   329740   454560  

01/01/1991 299740   414723   299740   417632   299740   420561   329740   444880   329740   448001   329740   451144  

01/02/1991 299740   411595   299740   414483   299740   417390   299740   420318   329740   444635   329740   447754  

01/03/1991 299740   408492   299740   411358   299740   414243   299740   417149   299740   420075   329740   444391  

01/04/1991 311120   424811   311120   427791   311120   430792   311120   433813   311120   436856   311120   439921  

01/05/1991 311120   421608   311120   424566   311120   427544   311120   430543   311120   433563   311120   436604  

01/06/1991 311120   418430   311120   421365   311120   424321   311120   427297   311120   430295   311120   433313  

01/07/1991 311120   415274   311120   418187   311120   421120   311120   424074   311120   427049   311120   430045  

01/08/1991 311120   412151   311120   415042   311120   417953   311120   420885   311120   423837   311120   426810  

01/09/1991 329020   439770   329020   442855   329020   445961   329020   449090   329020   452240   329020   455412  

01/10/1991 329020   436475   329020   439536   329020   442619   329020   445724   329020   448851   329020   451999  

01/11/1991 299020   411984   329020   436243   329020   439303   329020   442385   329020   445488   329020   448613  

01/12/1991 299020   408887   299020   411755   329020   436012   329020   439071   329020   442151   329020   445252  

01/01/1992 299020   405823   299020   408670   299020   411536   329020   435792   329020   438849   329020   441927  

01/02/1992 299020   402782   299020   405608   299020   408453   299020   411318   329020   435572   329020   438628  

01/03/1992 299020   399765   299020   402570   299020   405394   299020   408237   299020   411101   329020   435354  

01/04/1992 310400   416169   310400   419089   310400   422028   310400   424989   310400   427970   310400   430972  

01/05/1992 310400   413051   310400   415948   310400   418866   310400   421804   310400   424763   310400   427743  

01/06/1992 310400   409956   310400   412832   310400   415728   310400   418644   310400   421581   310400   424538  

01/07/1992 310400   406883   310400   409737   310400   412611   310400   415506   310400   418420   310400   421355  

01/08/1992 310400   403842   310400   406674   310400   409527   310400   412400   310400   415293   310400   418206  

01/09/1992 328300   431542   328300   434570   328300   437618   328300   440688   328300   443779   328300   446892  




CL002B                                              ARMY GROUP INSURANCE FUND                                   Page No. 5 
                                  MATURITY AMOUNT PAYABLE TO MEMBERS OF ARMY GROUP INSURANCE SCHEME
                                                              OFF -- TA
-------------------------------------------------------------------------------------------------------------------------
                                                   Date on Which Amount Calculated
            ----------------------------------------------------------------------------------------------------------
Date of        31/10/2018        30/11/2018        31/12/2018        31/01/2019        28/02/2019        31/03/2019
Joining     Contri-  Payable  Contri-  Payable  Contri-  Payable  Contri-  Payable  Contri-  Payable  Contri-  Payable
AGI Scheme  buted             buted             buted             buted             buted             buted
-------------------------------------------------------------------------------------------------------------------------
01/10/1992 328300   428327   328300   431332   328300   434357   328300   437404   328300   440472   328300   443562  

01/11/1992 298300   403916   328300   428119   328300   431122   328300   434146   328300   437191   328300   440258  

01/12/1992 298300   400898   298300   403710   328300   427911   328300   430912   328300   433935   328300   436979  

01/01/1993 298300   397912   298300   400703   298300   403514   328300   427713   328300   430714   328300   433735  

01/02/1993 298300   394949   298300   397719   298300   400509   298300   403318   328300   427517   328300   430515  

01/03/1993 298300   392008   298300   394758   298300   397527   298300   400316   298300   403124   328300   427321  

01/04/1993 309680   408488   309680   411353   309680   414239   309680   417144   309680   420071   309680   423017  

01/05/1993 309680   405445   309680   408289   309680   411153   309680   414037   309680   416941   309680   419866  

01/06/1993 309680   402424   309680   405247   309680   408090   309680   410952   309680   413835   309680   416738  

01/07/1993 309680   399427   309680   402229   309680   405051   309680   407892   309680   410753   309680   413634  

01/08/1993 309680   396461   309680   399243   309680   402043   309680   404863   309680   407703   309680   410563  

01/09/1993 327580   424237   327580   427213   327580   430210   327580   433227   327580   436266   327580   439327  

01/10/1993 327580   421096   327580   424050   327580   427024   327580   430020   327580   433036   327580   436074  

01/11/1993 297580   396758   327580   420910   327580   423863   327580   426836   327580   429830   327580   432845  

01/12/1993 297580   393812   297580   396575   327580   420726   327580   423677   327580   426649   327580   429641  

01/01/1994 297580   390898   297580   393640   297580   396401   327580   420551   327580   423501   327580   426472  

01/02/1994 297580   388006   297580   390728   297580   393469   297580   396229   327580   420377   327580   423326  

01/03/1994 297580   385136   297580   387838   297580   390558   297580   393298   297580   396057   327580   420204  

01/04/1994 308960   401685   308960   404503   308960   407340   308960   410198   308960   413075   308960   415973  

01/05/1994 308960   398711   308960   401508   308960   404324   308960   407160   308960   410016   308960   412892  

01/06/1994 308960   395759   308960   398535   308960   401330   308960   404146   308960   406981   308960   409835  

01/07/1994 308960   392829   308960   395585   308960   398360   308960   401154   308960   403968   308960   406802  

01/08/1994 308960   389930   308960   392666   308960   395420   308960   398194   308960   400987   308960   403800  

01/09/1994 326860   417772   326860   420703   326860   423654   326860   426625   326860   429618   326860   432632  




CL002B                                              ARMY GROUP INSURANCE FUND                                   Page No. 6 
                                  MATURITY AMOUNT PAYABLE TO MEMBERS OF ARMY GROUP INSURANCE SCHEME
                                                              OFF -- TA
-------------------------------------------------------------------------------------------------------------------------
                                                   Date on Which Amount Calculated
            ----------------------------------------------------------------------------------------------------------
Date of        31/10/2018        30/11/2018        31/12/2018        31/01/2019        28/02/2019        31/03/2019
Joining     Contri-  Payable  Contri-  Payable  Contri-  Payable  Contri-  Payable  Contri-  Payable  Contri-  Payable
AGI Scheme  buted             buted             buted             buted             buted             buted
-------------------------------------------------------------------------------------------------------------------------
01/10/1994 326860   414696   326860   417605   326860   420535   326860   423484   326860   426455   326860   429446  

01/11/1994 296860   390424   326860   414531   326860   417439   326860   420367   326860   423316   326860   426285  

01/12/1994 296860   387542   296860   390260   326860   414367   326860   417273   326860   420200   326860   423148  

01/01/1995 296860   384691   296860   387390   296860   390107   326860   414213   326860   417118   326860   420044  

01/02/1995 296860   381862   296860   384541   296860   387238   296860   389954   326860   414059   326860   416963  

01/03/1995 296860   379054   296860   381713   296860   384391   296860   387087   296860   389802   326860   413906  

01/04/1995 308240   395665   308240   398440   308240   401235   308240   404050   308240   406884   308240   409738  

01/05/1995 308240   392752   308240   395507   308240   398281   308240   401075   308240   403888   308240   406721  

01/06/1995 308240   389860   308240   392595   308240   395349   308240   398122   308240   400915   308240   403727  

01/07/1995 308240   386990   308240   389705   308240   392439   308240   395191   308240   397964   308240   400755  

01/08/1995 308240   384150   308240   386845   308240   389559   308240   392291   308240   395043   308240   397814  

01/09/1995 326140   412051   326140   414941   326140   417852   326140   420783   326140   423735   326140   426707  

01/10/1995 326140   409033   326140   411902   326140   414792   326140   417701   326140   420631   326140   423582  

01/11/1995 296140   384818   326140   408886   326140   411754   326140   414643   326140   417551   326140   420480  

01/12/1995 296140   381993   296140   384672   326140   408740   326140   411607   326140   414494   326140   417402  

01/01/1996 296140   379198   296140   381858   296140   384537   326140   408603   326140   411469   326140   414356  

01/02/1996 296140   376425   296140   379065   296140   381724   296140   384402   326140   408467   326140   411333  

01/03/1996 296140   373672   296140   376293   296140   378933   296140   381591   296140   384268   326140   408332  

01/04/1996 307520   390337   307520   393076   307520   395833   307520   398609   307520   401406   307520   404221  

01/05/1996 307520   387478   307520   390196   307520   392933   307520   395689   307520   398465   307520   401260  

01/06/1996 307520   384640   307520   387338   307520   390055   307520   392791   307520   395546   307520   398321  

01/07/1996 307520   381823   307520   384502   307520   387199   307520   389915   307520   392650   307520   395404  

01/08/1996 307520   379036   307520   381694   307520   384372   307520   387068   307520   389783   307520   392517  

01/09/1996 325420   406988   325420   409843   325420   412718   325420   415613   325420   418528   325420   421464  




CL002B                                              ARMY GROUP INSURANCE FUND                                   Page No. 7 
                                  MATURITY AMOUNT PAYABLE TO MEMBERS OF ARMY GROUP INSURANCE SCHEME
                                                              OFF -- TA
-------------------------------------------------------------------------------------------------------------------------
                                                   Date on Which Amount Calculated
            ----------------------------------------------------------------------------------------------------------
Date of        31/10/2018        30/11/2018        31/12/2018        31/01/2019        28/02/2019        31/03/2019
Joining     Contri-  Payable  Contri-  Payable  Contri-  Payable  Contri-  Payable  Contri-  Payable  Contri-  Payable
AGI Scheme  buted             buted             buted             buted             buted             buted
-------------------------------------------------------------------------------------------------------------------------
01/10/1996 325420   404021   325420   406855   325420   409709   325420   412583   325420   415477   325420   418392  

01/11/1996 295420   379857   325420   403890   325420   406723   325420   409576   325420   412450   325420   415343  

01/12/1996 295420   377082   295420   379727   325420   403760   325420   406592   325420   409444   325420   412316  

01/01/1997 295420   374337   295420   376963   295420   379608   325420   403639   325420   406471   325420   409322  

01/02/1997 295420   371613   295420   374220   295420   376845   295420   379488   325420   403519   325420   406350  

01/03/1997 295420   368909   295420   371497   295420   374103   295420   376727   295420   379370   325420   403400  

01/04/1997 306800   385623   306800   388328   306800   391052   306800   393795   306800   396557   306800   399339  

01/05/1997 306800   382811   306800   385496   306800   388201   306800   390924   306800   393666   306800   396427  

01/06/1997 306800   380020   306800   382686   306800   385371   306800   388074   306800   390796   306800   393537  

01/07/1997 306800   377250   306800   379897   306800   382562   306800   385245   306800   387947   306800   390669  

01/08/1997 306800   374509   306800   377136   306800   379782   306800   382446   306800   385128   306800   387830  

01/09/1997 324700   402507   324700   405331   324700   408174   324700   411037   324700   413920   324700   416824  

01/10/1997 324700   399586   324700   402389   324700   405212   324700   408054   324700   410916   324700   413799  

01/11/1997 294700   375467   324700   399469   324700   402271   324700   405093   324700   407935   324700   410796  

01/12/1997 294700   372736   294700   375351   324700   399353   324700   402154   324700   404975   324700   407816  

01/01/1998 294700   370036   294700   372631   294700   375245   324700   399246   324700   402047   324700   404867  

01/02/1998 294700   367355   294700   369932   294700   372527   294700   375140   324700   399141   324700   401940  

01/03/1998 294700   364694   294700   367252   294700   369829   294700   372423   294700   375035   324700   399035  

01/04/1998 304700   374918   304700   377548   304700   380196   304700   382863   304700   385549   304700   388253  

01/05/1998 304700   372215   304700   374825   304700   377455   304700   380102   304700   382769   304700   385454  

01/06/1998 304700   369531   304700   372123   304700   374734   304700   377362   304700   380009   304700   382675  

01/07/1998 304700   366867   304700   369441   304700   372032   304700   374642   304700   377270   304700   379916  

01/08/1998 304700   364231   304700   366786   304700   369359   304700   371950   304700   374559   304700   377187  

01/09/1998 322600   392334   322600   395086   322600   397857   322600   400648   322600   403458   322600   406288  




CL002B                                              ARMY GROUP INSURANCE FUND                                   Page No. 8 
                                  MATURITY AMOUNT PAYABLE TO MEMBERS OF ARMY GROUP INSURANCE SCHEME
                                                              OFF -- TA
-------------------------------------------------------------------------------------------------------------------------
                                                   Date on Which Amount Calculated
            ----------------------------------------------------------------------------------------------------------
Date of        31/10/2018        30/11/2018        31/12/2018        31/01/2019        28/02/2019        31/03/2019
Joining     Contri-  Payable  Contri-  Payable  Contri-  Payable  Contri-  Payable  Contri-  Payable  Contri-  Payable
AGI Scheme  buted             buted             buted             buted             buted             buted
-------------------------------------------------------------------------------------------------------------------------
01/10/1998 322600   389516   322600   392248   322600   394999   322600   397770   322600   400560   322600   403370  

01/11/1998 292600   365498   322600   389431   322600   392163   322600   394913   322600   397684   322600   400473  

01/12/1998 292600   362869   292600   365414   322600   389346   322600   392078   322600   394828   322600   397597  

01/01/1999 292600   360268   292600   362795   292600   365340   322600   389272   322600   392003   322600   394752  

01/02/1999 292600   357687   292600   360196   292600   362722   292600   365267   322600   389198   322600   391928  

01/03/1999 292600   355124   292600   357615   292600   360123   292600   362649   292600   365193   322600   389124  

01/04/1999 302600   365444   302600   368008   302600   370589   302600   373189   302600   375806   302600   378442  

01/05/1999 302600   362837   302600   365382   302600   367945   302600   370526   302600   373125   302600   375743  

01/06/1999 302600   360249   302600   362776   302600   365320   302600   367883   302600   370463   302600   373062  

01/07/1999 302600   357679   302600   360188   302600   362714   302600   365259   302600   367821   302600   370401  

01/08/1999 302600   355136   302600   357627   302600   360136   302600   362662   302600   365206   302600   367768  

01/09/1999 320500   383330   320500   386019   320500   388727   320500   391454   320500   394200   320500   396965  

01/10/1999 320500   380604   320500   383273   320500   385962   320500   388669   320500   391396   320500   394141  

01/11/1999 290500   356676   320500   380547   320500   383217   320500   385905   320500   388612   320500   391338  

01/12/1999 290500   354137   290500   356621   320500   380491   320500   383160   320500   385848   320500   388555  

01/01/2000 290500   351624   290500   354091   290500   356575   320500   380445   320500   383114   320500   385801  

01/02/2000 290500   349130   290500   351579   290500   354046   290500   356529   320500   380399   320500   383067  

01/03/2000 290500   346654   290500   349086   290500   351535   290500   354000   290500   356484   320500   380353  

01/04/2000 300500   357060   300500   359565   300500   362087   300500   364627   300500   367185   300500   369761  

01/05/2000 300500   354538   300500   357025   300500   359530   300500   362051   300500   364591   300500   367149  

01/06/2000 300500   352034   300500   354503   300500   356990   300500   359494   300500   362016   300500   364555  

01/07/2000 300500   349547   300500   351999   300500   354469   300500   356955   300500   359459   300500   361980  

01/08/2000 300500   347087   300500   349522   300500   351973   300500   354442   300500   356929   300500   359432  

01/09/2000 318400   375363   318400   377996   318400   380647   318400   383317   318400   386006   318400   388714  




CL002B                                              ARMY GROUP INSURANCE FUND                                   Page No. 9 
                                  MATURITY AMOUNT PAYABLE TO MEMBERS OF ARMY GROUP INSURANCE SCHEME
                                                              OFF -- TA
-------------------------------------------------------------------------------------------------------------------------
                                                   Date on Which Amount Calculated
            ----------------------------------------------------------------------------------------------------------
Date of        31/10/2018        30/11/2018        31/12/2018        31/01/2019        28/02/2019        31/03/2019
Joining     Contri-  Payable  Contri-  Payable  Contri-  Payable  Contri-  Payable  Contri-  Payable  Contri-  Payable
AGI Scheme  buted             buted             buted             buted             buted             buted
-------------------------------------------------------------------------------------------------------------------------
01/10/2000 318400   372717   318400   375331   318400   377964   318400   380615   318400   383285   318400   385974  

01/11/2000 288400   348870   318400   372686   318400   375300   318400   377933   318400   380584   318400   383253  

01/12/2000 288400   346409   288400   348839   318400   372655   318400   375269   318400   377901   318400   380552  

01/01/2001 288400   343975   288400   346388   288400   348818   318400   372633   318400   375247   318400   377880  

01/02/2001 288400   341558   288400   343954   288400   346367   288400   348797   318400   372612   318400   375226  

01/03/2001 288400   339159   288400   341538   288400   343934   288400   346346   288400   348776   318400   372591  

01/04/2001 298400   349641   298400   352094   298400   354564   298400   357051   298400   359555   298400   362077  

01/05/2001 298400   347194   298400   349630   298400   352082   298400   354552   298400   357039   298400   359543  

01/06/2001 298400   344764   298400   347183   298400   349618   298400   352070   298400   354540   298400   357027  

01/07/2001 298400   342351   298400   344753   298400   347171   298400   349607   298400   352059   298400   354528  

01/08/2001 298400   339964   298400   342349   298400   344750   298400   347168   298400   349604   298400   352056  

01/09/2001 316300   368312   316300   370896   316300   373497   316300   376117   316300   378756   316300   381412  

01/10/2001 316300   365737   316300   368303   316300   370886   316300   373488   316300   376108   316300   378746  

01/11/2001 286300   341961   316300   365729   316300   368294   316300   370877   316300   373479   316300   376099  

01/12/2001 286300   339570   286300   341952   316300   365720   316300   368285   316300   370869   316300   373470  

01/01/2002 286300   337206   286300   339571   286300   341953   316300   365721   316300   368286   316300   370869  

01/02/2002 286300   334858   286300   337207   286300   339572   286300   341954   316300   365722   316300   368287  

01/03/2002 286300   332526   286300   334859   286300   337208   286300   339573   286300   341955   316300   365723  

01/04/2002 296300   343071   296300   345477   296300   347901   296300   350341   296300   352798   296300   355273  

01/05/2002 296300   340685   296300   343075   296300   345482   296300   347905   296300   350346   296300   352803  

01/06/2002 296300   338317   296300   340690   296300   343080   296300   345486   296300   347910   296300   350350  

01/07/2002 296300   335965   296300   338321   296300   340694   296300   343084   296300   345491   296300   347914  

01/08/2002 296300   333637   296300   335977   296300   338334   296300   340707   296300   343097   296300   345504  

01/09/2002 314200   362044   314200   364584   314200   367142   314200   369717   314200   372310   314200   374922  




CL002B                                              ARMY GROUP INSURANCE FUND                                   Page No. 10 
                                  MATURITY AMOUNT PAYABLE TO MEMBERS OF ARMY GROUP INSURANCE SCHEME
                                                              OFF -- TA
-------------------------------------------------------------------------------------------------------------------------
                                                   Date on Which Amount Calculated
            ----------------------------------------------------------------------------------------------------------
Date of        31/10/2018        30/11/2018        31/12/2018        31/01/2019        28/02/2019        31/03/2019
Joining     Contri-  Payable  Contri-  Payable  Contri-  Payable  Contri-  Payable  Contri-  Payable  Contri-  Payable
AGI Scheme  buted             buted             buted             buted             buted             buted
-------------------------------------------------------------------------------------------------------------------------
01/10/2002 314200   359529   314200   362051   314200   364590   314200   367148   314200   369723   314200   372317  

01/11/2002 284200   335811   314200   359535   314200   362057   314200   364597   314200   367154   314200   369730  

01/12/2002 284200   333478   284200   335817   314200   359542   314200   362064   314200   364603   314200   367161  

01/01/2003 284200   331170   284200   333494   284200   335833   314200   359558   314200   362080   314200   364620  

01/02/2003 284200   328879   284200   331186   284200   333509   284200   335849   314200   359574   314200   362096  

01/03/2003 284200   326604   284200   328895   284200   331202   284200   333525   284200   335865   314200   359590  

01/04/2003 294200   337200   294200   339565   294200   341947   294200   344346   294200   346761   294200   349193  

01/05/2003 294200   334865   294200   337214   294200   339580   294200   341962   294200   344360   294200   346776  

01/06/2003 294200   332547   294200   334880   294200   337229   294200   339594   294200   341976   294200   344375  

01/07/2003 294200   330245   294200   332561   294200   334894   294200   337243   294200   339609   294200   341991  

01/08/2003 294200   327962   294200   330263   294200   332580   294200   334913   294200   337262   294200   339628  

01/09/2003 312100   356415   312100   358915   312100   361433   312100   363968   312100   366521   312100   369092  

01/10/2003 312100   353944   312100   356427   312100   358927   312100   361445   312100   363980   312100   366533  

01/11/2003 282100   330270   312100   353955   312100   356438   312100   358939   312100   361456   312100   363992  

01/12/2003 282100   327981   282100   330281   312100   353967   312100   356450   312100   358950   312100   361468  

01/01/2004 282100   325717   282100   328002   282100   330303   312100   353988   312100   356472   312100   358972  

01/02/2004 282100   323469   282100   325738   282100   328023   282100   330324   312100   354010   312100   356493  

01/03/2004 282100   321236   282100   323490   282100   325759   282100   328044   282100   330345   312100   354031  

01/04/2004 292100   331875   292100   334203   292100   336547   292100   338908   292100   341285   292100   343679  

01/05/2004 292100   329582   292100   331894   292100   334222   292100   336567   292100   338928   292100   341305  

01/06/2004 292100   327306   292100   329602   292100   331914   292100   334242   292100   336587   292100   338948  

01/07/2004 292100   325045   292100   327325   292100   329621   292100   331933   292100   334262   292100   336606  

01/08/2004 292100   322800   292100   325064   292100   327344   292100   329641   292100   331953   292100   334281  

01/09/2004 310000   351289   310000   353753   310000   356235   310000   358734   310000   361250   310000   363784  




CL002B                                              ARMY GROUP INSURANCE FUND                                   Page No. 11 
                                  MATURITY AMOUNT PAYABLE TO MEMBERS OF ARMY GROUP INSURANCE SCHEME
                                                              OFF -- TA
-------------------------------------------------------------------------------------------------------------------------
                                                   Date on Which Amount Calculated
            ----------------------------------------------------------------------------------------------------------
Date of        31/10/2018        30/11/2018        31/12/2018        31/01/2019        28/02/2019        31/03/2019
Joining     Contri-  Payable  Contri-  Payable  Contri-  Payable  Contri-  Payable  Contri-  Payable  Contri-  Payable
AGI Scheme  buted             buted             buted             buted             buted             buted
-------------------------------------------------------------------------------------------------------------------------
01/10/2004 310000   348855   310000   351302   310000   353766   310000   356248   310000   358747   310000   361263  

01/11/2004 280000   325217   310000   348868   310000   351315   310000   353779   310000   356261   310000   358760  

01/12/2004 280000   322964   280000   325230   310000   348880   310000   351327   310000   353792   310000   356274  

01/01/2005 280000   320736   280000   322986   280000   325252   310000   348902   310000   351350   310000   353814  

01/02/2005 280000   318524   280000   320758   280000   323008   280000   325274   310000   348925   310000   351372  

01/03/2005 280000   316327   280000   318546   280000   320780   280000   323030   280000   325296   310000   348947  

01/04/2005 290000   326996   290000   329290   290000   331600   290000   333926   290000   336269   290000   338627  

01/05/2005 290000   324735   290000   327013   290000   329307   290000   331617   290000   333943   290000   336286  

01/06/2005 290000   322490   290000   324752   290000   327030   290000   329324   290000   331634   290000   333960  

01/07/2005 290000   320260   290000   322506   290000   324769   290000   327047   290000   329341   290000   331651  

01/08/2005 290000   318045   290000   320276   290000   322523   290000   324785   290000   327064   290000   329358  

01/09/2005 300000   330497   300000   332815   300000   335150   300000   337501   300000   339868   300000   342252  

01/10/2005 300000   328195   300000   330497   300000   332816   300000   335150   300000   337501   300000   339869  

01/11/2005 270000   304690   300000   328196   300000   330498   300000   332816   300000   335151   300000   337502  

01/12/2005 270000   302568   270000   304690   300000   328197   300000   330499   300000   332817   300000   335152  

01/01/2006 270000   300470   270000   302578   270000   304701   300000   328207   300000   330509   300000   332828  

01/02/2006 270000   298388   270000   300481   270000   302588   270000   304711   300000   328217   300000   330520  

01/03/2006 270000   296319   270000   298398   270000   300491   270000   302599   270000   304721   300000   328228  

01/04/2006 280000   307117   280000   309271   280000   311440   280000   313625   280000   315825   280000   318040  

01/05/2006 280000   304983   280000   307122   280000   309276   280000   311446   280000   313630   280000   315830  

01/06/2006 280000   302863   280000   304988   280000   307127   280000   309282   280000   311451   280000   313636  

01/07/2006 280000   300759   280000   302869   280000   304993   280000   307133   280000   309287   280000   311457  

01/08/2006 280000   298669   280000   300764   280000   302874   280000   304998   280000   307138   280000   309292  

01/09/2006 290000   311244   290000   313428   290000   315626   290000   317840   290000   320070   290000   322315  




CL002B                                              ARMY GROUP INSURANCE FUND                                   Page No. 12 
                                  MATURITY AMOUNT PAYABLE TO MEMBERS OF ARMY GROUP INSURANCE SCHEME
                                                              OFF -- TA
-------------------------------------------------------------------------------------------------------------------------
                                                   Date on Which Amount Calculated
            ----------------------------------------------------------------------------------------------------------
Date of        31/10/2018        30/11/2018        31/12/2018        31/01/2019        28/02/2019        31/03/2019
Joining     Contri-  Payable  Contri-  Payable  Contri-  Payable  Contri-  Payable  Contri-  Payable  Contri-  Payable
AGI Scheme  buted             buted             buted             buted             buted             buted
-------------------------------------------------------------------------------------------------------------------------
01/10/2006 290000   309066   290000   311234   290000   313417   290000   315616   290000   317830   290000   320059  

01/11/2006 260000   285683   290000   309056   290000   311224   290000   313407   290000   315605   290000   317819  

01/12/2006 260000   283682   260000   285672   290000   309045   290000   311213   290000   313396   290000   315595  

01/01/2007 260000   281706   260000   283682   260000   285672   290000   309045   290000   311212   290000   313395  

01/02/2007 260000   279743   260000   281705   260000   283681   260000   285671   290000   309044   290000   311212  

01/03/2007 260000   277794   260000   279742   260000   281704   260000   283680   260000   285670   290000   309043  

01/04/2007 270000   288710   270000   290735   270000   292774   270000   294828   270000   296896   270000   298979  

01/05/2007 270000   286693   270000   288704   270000   290729   270000   292769   270000   294822   270000   296890  

01/06/2007 270000   284691   270000   286688   270000   288699   270000   290724   270000   292763   270000   294817  

01/07/2007 270000   282703   270000   284686   270000   286683   270000   288694   270000   290719   270000   292758  

01/08/2007 270000   280728   270000   282697   270000   284680   270000   286677   270000   288688   270000   290713  

01/09/2007 280000   293418   280000   295476   280000   297549   280000   299636   280000   301738   280000   303855  

01/10/2007 280000   291354   280000   293397   280000   295455   280000   297528   280000   299615   280000   301717  

01/11/2007 250000   268084   280000   291333   280000   293377   280000   295435   280000   297507   280000   299594  

01/12/2007 250000   266196   250000   268063   280000   291313   280000   293356   280000   295414   280000   297486  

01/01/2008 250000   264331   250000   266185   250000   268052   280000   291302   280000   293345   280000   295403  

01/02/2008 250000   262479   250000   264320   250000   266174   250000   268041   280000   291291   280000   293334  

01/03/2008 250000   260640   250000   262468   250000   264310   250000   266164   250000   268031   280000   291280  

01/04/2008 260000   271672   260000   273578   260000   275497   260000   277430   260000   279376   260000   281335  

01/05/2008 260000   269771   260000   271664   260000   273569   260000   275488   260000   277421   260000   279367  

01/06/2008 260000   267884   260000   269763   260000   271655   260000   273561   260000   275480   260000   277412  

01/07/2008 260000   266009   260000   267875   260000   269754   260000   271647   260000   273552   260000   275471  

01/08/2008 260000   264148   260000   266001   260000   267867   260000   269746   260000   271638   260000   273543  

01/09/2008 270000   276950   270000   278893   270000   280849   270000   282819   270000   284803   270000   286801  




CL002B                                              ARMY GROUP INSURANCE FUND                                   Page No. 13 
                                  MATURITY AMOUNT PAYABLE TO MEMBERS OF ARMY GROUP INSURANCE SCHEME
                                                              OFF -- TA
-------------------------------------------------------------------------------------------------------------------------
                                                   Date on Which Amount Calculated
            ----------------------------------------------------------------------------------------------------------
Date of        31/10/2018        30/11/2018        31/12/2018        31/01/2019        28/02/2019        31/03/2019
Joining     Contri-  Payable  Contri-  Payable  Contri-  Payable  Contri-  Payable  Contri-  Payable  Contri-  Payable
AGI Scheme  buted             buted             buted             buted             buted             buted
-------------------------------------------------------------------------------------------------------------------------
01/10/2008 270000   274997   270000   276926   270000   278869   270000   280825   270000   282795   270000   284779  

01/11/2008 240000   251838   270000   274974   270000   276903   270000   278845   270000   280801   270000   282771  

01/12/2008 240000   250061   240000   251815   270000   274950   270000   276879   270000   278821   270000   280777  

01/01/2009 240000   248305   240000   250047   240000   251801   270000   274936   270000   276865   270000   278807  

01/02/2009 240000   246562   240000   248291   240000   250033   240000   251787   270000   274922   270000   276850  

01/03/2009 240000   244831   240000   246548   240000   248277   240000   250019   240000   251773   270000   274908  

01/04/2009 250000   255976   250000   257772   250000   259580   250000   261401   250000   263234   250000   265081  

01/05/2009 250000   254187   250000   255970   250000   257766   250000   259574   250000   261395   250000   263228  

01/06/2009 250000   252411   250000   254182   250000   255965   250000   257760   250000   259568   250000   261389  

01/07/2009 250000   250648   250000   252406   250000   254176   250000   255959   250000   257755   250000   259563  

01/08/2009 250000   248896   250000   250642   250000   252400   250000   254171   250000   255954   250000   257749  

01/09/2009 260000   261807   260000   263644   260000   265493   260000   267356   260000   269231   260000   271120  

01/10/2009 260000   259963   260000   261787   260000   263623   260000   265472   260000   267334   260000   269210  

01/11/2009 230000   236911   260000   259942   260000   261766   260000   263602   260000   265451   260000   267313  

01/12/2009 230000   235241   230000   236891   260000   259921   260000   261745   260000   263581   260000   265430  

01/01/2010 230000   233591   230000   235230   230000   236880   260000   259910   260000   261733   260000   263569  

01/02/2010 230000   231953   230000   233580   230000   235219   230000   236869   260000   259899   260000   261722  

01/03/2010 230000   230326   230000   231942   230000   233569   230000   235208   230000   236857   260000   259888  

01/04/2010 240000   241576   240000   243270   240000   244977   240000   246695   240000   248426   240000   250168  

01/05/2010 240000   239890   240000   241573   240000   243267   240000   244974   240000   246692   240000   248423  

01/06/2010 240000   238216   240000   239887   240000   241570   240000   243264   240000   244971   240000   246689  

01/07/2010 240000   236554   240000   238213   240000   239884   240000   241567   240000   243262   240000   244968  

01/08/2010 240000   234904   240000   236551   240000   238211   240000   239882   240000   241564   240000   243259  

01/09/2010 250000   247915   250000   249654   250000   251405   250000   253169   250000   254945   250000   256733  




CL002B                                              ARMY GROUP INSURANCE FUND                                   Page No. 14 
                                  MATURITY AMOUNT PAYABLE TO MEMBERS OF ARMY GROUP INSURANCE SCHEME
                                                              OFF -- TA
-------------------------------------------------------------------------------------------------------------------------
                                                   Date on Which Amount Calculated
            ----------------------------------------------------------------------------------------------------------
Date of        31/10/2018        30/11/2018        31/12/2018        31/01/2019        28/02/2019        31/03/2019
Joining     Contri-  Payable  Contri-  Payable  Contri-  Payable  Contri-  Payable  Contri-  Payable  Contri-  Payable
AGI Scheme  buted             buted             buted             buted             buted             buted
-------------------------------------------------------------------------------------------------------------------------
01/10/2010 250000   246170   250000   247897   250000   249636   250000   251387   250000   253150   250000   254926  

01/11/2010 220000   223217   250000   246152   250000   247878   250000   249617   250000   251368   250000   253131  

01/12/2010 220000   221644   220000   223199   250000   246134   250000   247860   250000   249599   250000   251350  

01/01/2011 220000   220092   220000   221636   220000   223190   250000   246125   250000   247852   250000   249590  

01/02/2011 220000   218551   220000   220084   220000   221627   220000   223182   250000   246117   250000   247843  

01/03/2011 220000   217020   220000   218542   220000   220075   220000   221619   220000   223174   250000   246108  

01/04/2011 230000   228359   230000   229961   230000   231574   230000   233199   230000   234834   230000   236482  

01/05/2011 230000   226763   230000   228354   230000   229956   230000   231569   230000   233193   230000   234829  

01/06/2011 230000   225178   230000   226758   230000   228348   230000   229950   230000   231563   230000   233188  

01/07/2011 230000   223604   230000   225173   230000   226752   230000   228343   230000   229945   230000   231558  

01/08/2011 230000   222042   230000   223599   230000   225168   230000   226747   230000   228338   230000   229939  

01/09/2011 230000   220490   230000   222037   230000   223594   230000   225162   230000   226742   230000   228332  

01/10/2011 230000   218941   230000   220477   230000   222023   230000   223581   230000   225149   230000   226728  

01/11/2011 200000   196183   230000   218928   230000   220464   230000   222010   230000   223568   230000   225136  

01/12/2011 200000   194804   200000   196170   230000   218915   230000   220451   230000   221997   230000   223554  

01/01/2012 200000   193443   200000   194800   200000   196167   230000   218912   230000   220447   230000   221994  

01/02/2012 200000   192093   200000   193440   200000   194797   200000   196163   230000   218908   230000   220444  

01/03/2012 200000   190751   200000   192089   200000   193437   200000   194794   200000   196160   230000   218905  

01/04/2012 210000   202284   210000   203703   210000   205131   210000   206570   210000   208019   210000   209479  

01/05/2012 210000   200879   210000   202288   210000   203707   210000   205136   210000   206575   210000   208024  

01/06/2012 210000   199484   210000   200884   210000   202293   210000   203712   210000   205141   210000   206580  

01/07/2012 210000   198099   210000   199489   210000   200888   210000   202297   210000   203716   210000   205145  

01/08/2012 210000   196724   210000   198104   210000   199493   210000   200893   210000   202302   210000   203721  

01/09/2012 210000   195358   210000   196728   210000   198108   210000   199498   210000   200897   210000   202307  




CL002B                                              ARMY GROUP INSURANCE FUND                                   Page No. 15 
                                  MATURITY AMOUNT PAYABLE TO MEMBERS OF ARMY GROUP INSURANCE SCHEME
                                                              OFF -- TA
-------------------------------------------------------------------------------------------------------------------------
                                                   Date on Which Amount Calculated
            ----------------------------------------------------------------------------------------------------------
Date of        31/10/2018        30/11/2018        31/12/2018        31/01/2019        28/02/2019        31/03/2019
Joining     Contri-  Payable  Contri-  Payable  Contri-  Payable  Contri-  Payable  Contri-  Payable  Contri-  Payable
AGI Scheme  buted             buted             buted             buted             buted             buted
-------------------------------------------------------------------------------------------------------------------------
01/10/2012 210000   193994   210000   195355   210000   196725   210000   198105   210000   199494   210000   200894  

01/11/2012 180000   171419   210000   193990   210000   195351   210000   196721   210000   198101   210000   199491  

01/12/2012 180000   170221   180000   171415   210000   193987   210000   195348   210000   196718   210000   198098  

01/01/2013 180000   169042   180000   170228   180000   171422   210000   193993   210000   195354   210000   196724  

01/02/2013 180000   167870   180000   169048   180000   170234   180000   171428   210000   193999   210000   195360  

01/03/2013 180000   166707   180000   167876   180000   169054   180000   170240   180000   171434   210000   194005  

01/04/2013 180000   165557   180000   166719   180000   167888   180000   169066   180000   170252   180000   171446  

01/05/2013 180000   164416   180000   165569   180000   166730   180000   167900   180000   169078   180000   170264  

01/06/2013 180000   163282   180000   164427   180000   165580   180000   166742   180000   167912   180000   169089  

01/07/2013 180000   162156   180000   163293   180000   164439   180000   165592   180000   166754   180000   167923  

01/08/2013 180000   161037   180000   162167   180000   163305   180000   164450   180000   165604   180000   166765  

01/09/2013 180000   159927   180000   161049   180000   162179   180000   163316   180000   164462   180000   165615  

01/10/2013 180000   158816   180000   159930   180000   161052   180000   162182   180000   163320   180000   164465  

01/11/2013 150000   136493   180000   158820   180000   159934   180000   161056   180000   162185   180000   163323  

01/12/2013 150000   135546   150000   136496   180000   158823   180000   159937   180000   161059   180000   162189  

01/01/2014 150000   134614   150000   135558   150000   136509   180000   158836   180000   159950   180000   161072  

01/02/2014 150000   133689   150000   134627   150000   135571   150000   136522   180000   158849   180000   159963  

01/03/2014 150000   132770   150000   133702   150000   134639   150000   135584   150000   136535   180000   158862  

01/04/2014 150000   131857   150000   132782   150000   133713   150000   134651   150000   135596   150000   136547  

01/05/2014 150000   130950   150000   131869   150000   132794   150000   133725   150000   134663   150000   135608  

01/06/2014 150000   130049   150000   130961   150000   131880   150000   132805   150000   133737   150000   134675  

01/07/2014 150000   129155   150000   130061   150000   130973   150000   131892   150000   132817   150000   133749  

01/08/2014 150000   128266   150000   129166   150000   130072   150000   130985   150000   131903   150000   132829  

01/09/2014 150000   127384   150000   128278   150000   129178   150000   130084   150000   130996   150000   131915  




CL002B                                              ARMY GROUP INSURANCE FUND                                   Page No. 16 
                                  MATURITY AMOUNT PAYABLE TO MEMBERS OF ARMY GROUP INSURANCE SCHEME
                                                              OFF -- TA
-------------------------------------------------------------------------------------------------------------------------
                                                   Date on Which Amount Calculated
            ----------------------------------------------------------------------------------------------------------
Date of        31/10/2018        30/11/2018        31/12/2018        31/01/2019        28/02/2019        31/03/2019
Joining     Contri-  Payable  Contri-  Payable  Contri-  Payable  Contri-  Payable  Contri-  Payable  Contri-  Payable
AGI Scheme  buted             buted             buted             buted             buted             buted
-------------------------------------------------------------------------------------------------------------------------
01/10/2014 150000   126500   150000   127387   150000   128281   150000   129181   150000   130087   150000   131000  

01/11/2014 120000   104402   150000   126503   150000   127391   150000   128284   150000   129184   150000   130090  

01/12/2014 120000   103678   120000   104405   150000   126507   150000   127394   150000   128288   150000   129188  

01/01/2015 120000   102969   120000   103691   120000   104418   150000   126520   150000   127407   150000   128301  

01/02/2015 120000   102264   120000   102981   120000   103704   120000   104431   150000   126533   150000   127420  

01/03/2015 120000   101564   120000   102276   120000   102994   120000   103716   120000   104444   150000   126546  

01/04/2015 120000   100868   120000   101576   120000   102288   120000   103006   120000   103728   120000   104456  

01/05/2015 120000   100177   120000   100880   120000   101587   120000   102300   120000   103018   120000   103740  

01/06/2015 120000    99491   120000   100189   120000   100891   120000   101599   120000   102312   120000   103029  

01/07/2015 120000    98809   120000    99502   120000   100200   120000   100903   120000   101611   120000   102324  

01/08/2015 120000    98132   120000    98820   120000    99514   120000   100212   120000   100915   120000   101622  

01/09/2015 120000    97460   120000    98143   120000    98832   120000    99525   120000   100223   120000   100926  

01/10/2015 120000    96784   120000    97463   120000    98147   120000    98835   120000    99528   120000   100227  

01/11/2015  90000    74893   120000    96787   120000    97466   120000    98150   120000    98839   120000    99532  

01/12/2015  90000    74375    90000    74896   120000    96791   120000    97470   120000    98153   120000    98842  

01/01/2016  90000    73869    90000    74387    90000    74909   120000    96804   120000    97483   120000    98167  

01/02/2016  90000    73367    90000    73882    90000    74400    90000    74922   120000    96817   120000    97496  

01/03/2016  90000    72869    90000    73380    90000    73895    90000    74413    90000    74935   120000    96830  

01/04/2016  90000    72378    90000    72886    90000    73397    90000    73912    90000    74430    90000    74953  

01/05/2016  90000    71891    90000    72395    90000    72903    90000    73414    90000    73929    90000    74448  

01/06/2016  90000    71407    90000    71908    90000    72412    90000    72920    90000    73432    90000    73947  

01/07/2016  90000    70926    90000    71424    90000    71925    90000    72429    90000    72937    90000    73449  

01/08/2016  90000    70449    90000    70943    90000    71441    90000    71942    90000    72446    90000    72955  

01/09/2016  90000    69975    90000    70465    90000    70960    90000    71457    90000    71959    90000    72463  




CL002B                                              ARMY GROUP INSURANCE FUND                                   Page No. 17 
                                  MATURITY AMOUNT PAYABLE TO MEMBERS OF ARMY GROUP INSURANCE SCHEME
                                                              OFF -- TA
-------------------------------------------------------------------------------------------------------------------------
                                                   Date on Which Amount Calculated
            ----------------------------------------------------------------------------------------------------------
Date of        31/10/2018        30/11/2018        31/12/2018        31/01/2019        28/02/2019        31/03/2019
Joining     Contri-  Payable  Contri-  Payable  Contri-  Payable  Contri-  Payable  Contri-  Payable  Contri-  Payable
AGI Scheme  buted             buted             buted             buted             buted             buted
-------------------------------------------------------------------------------------------------------------------------
01/10/2016  90000    69496    90000    69983    90000    70474    90000    70968    90000    71466    90000    71968  

01/11/2016  60000    47800    90000    69504    90000    69992    90000    70483    90000    70977    90000    71475  

01/12/2016  60000    47475    60000    47808    90000    69513    90000    70000    90000    70491    90000    70986  

01/01/2017  60000    47162    60000    47493    60000    47826    90000    69531    90000    70019    90000    70510  

01/02/2017  60000    46851    60000    47180    60000    47511    60000    47844    90000    69549    90000    70037  

01/03/2017  60000    46543    60000    46869    60000    47198    60000    47529    60000    47862    90000    69567  

01/04/2017  60000    46240    60000    46565    60000    46891    60000    47220    60000    47552    60000    47885  

01/05/2017  60000    45940    60000    46263    60000    46587    60000    46914    60000    47243    60000    47574  

01/06/2017  60000    45642    60000    45962    60000    46285    60000    46609    60000    46936    60000    47265  

01/07/2017  60000    45346    60000    45664    60000    45984    60000    46307    60000    46631    60000    46959  

01/08/2017  60000    45051    60000    45367    60000    45686    60000    46006    60000    46329    60000    46654  

01/09/2017  60000    44759    60000    45073    60000    45389    60000    45707    60000    46028    60000    46351  

01/10/2017  60000    44460    60000    44772    60000    45086    60000    45403    60000    45721    60000    46042  

01/11/2017  30000    22944    60000    44474    60000    44786    60000    45100    60000    45416    60000    45735  

01/12/2017  30000    22797    30000    22957    60000    44487    60000    44799    60000    45113    60000    45430  

01/01/2018  30000    22651    30000    22810    30000    22970    60000    44500    60000    44812    60000    45127  

01/02/2018  30000    22506    30000    22664    30000    22823    30000    22983    60000    44514    60000    44826  

01/03/2018  30000    22363    30000    22519    30000    22677    30000    22837    30000    22997    60000    44527  

01/04/2018  30000    22220    30000    22375    30000    22532    30000    22691    30000    22850    30000    23010  

01/05/2018  30000    22078    30000    22232    30000    22388    30000    22545    30000    22704    30000    22863  

01/06/2018  30000    21936    30000    22090    30000    22245    30000    22401    30000    22558    30000    22717  

01/07/2018  30000    21796    30000    21949    30000    22103    30000    22258    30000    22414    30000    22571  

01/08/2018  30000    21657    30000    21809    30000    21962    30000    22116    30000    22271    30000    22427  

01/09/2018  30000    21518    30000    21669    30000    21821    30000    21974    30000    22129    30000    22284  




CL002B                                              ARMY GROUP INSURANCE FUND                                   Page No. 18 
                                  MATURITY AMOUNT PAYABLE TO MEMBERS OF ARMY GROUP INSURANCE SCHEME
                                                              OFF -- TA
-------------------------------------------------------------------------------------------------------------------------
                                                   Date on Which Amount Calculated
            ----------------------------------------------------------------------------------------------------------
Date of        31/10/2018        30/11/2018        31/12/2018        31/01/2019        28/02/2019        31/03/2019
Joining     Contri-  Payable  Contri-  Payable  Contri-  Payable  Contri-  Payable  Contri-  Payable  Contri-  Payable
AGI Scheme  buted             buted             buted             buted             buted             buted
-------------------------------------------------------------------------------------------------------------------------
01/10/2018  30000    21369    30000    21518    30000    21669    30000    21821    30000    21974    30000    22129  

01/11/2018      0        0    30000    21369    30000    21518    30000    21669    30000    21821    30000    21974  

01/12/2018      0        0        0        0    30000    21369    30000    21518    30000    21669    30000    21821  

01/01/2019      0        0        0        0        0        0    30000    21369    30000    21518    30000    21669  

01/02/2019      0        0        0        0        0        0        0        0    30000    21369    30000    21518  

01/03/2019      0        0        0        0        0        0        0        0        0        0    30000    21369  


--------------------------------------------------  End of Report  ------------------------------------------------------
